label,prediction
0,0.49168118834495544
1,0.5186064839363098
1,0.5157692432403564
0,0.49436086416244507
0,0.4981684684753418
1,0.5945297479629517
1,0.508527398109436
0,0.4931055009365082
0,0.4824819564819336
1,0.5061050057411194
0,0.48845812678337097
0,0.49667638540267944
1,0.5084032416343689
1,0.5196099281311035
1,0.5688221454620361
0,0.5008666515350342
1,0.5147319436073303
1,0.5826213359832764
1,0.5596714615821838
1,0.6753398180007935
0,0.49603843688964844
0,0.49166953563690186
1,0.5090097784996033
1,0.5626844763755798
1,0.5414668321609497
0,0.4867349863052368
1,0.5137328505516052
0,0.49677574634552
1,0.5328239798545837
0,0.4963761568069458
0,0.4939320385456085
1,0.5228990316390991
0,0.4974464774131775
0,0.49688616394996643
0,0.49887892603874207
1,0.5173332691192627
1,0.6793046593666077
1,0.5176371335983276
0,0.49693965911865234
0,0.4864825904369354
0,0.4944770932197571
0,0.4945734739303589
1,0.5477478504180908
0,0.4918806850910187
1,0.5483136773109436
1,0.5781295895576477
1,0.5093937516212463
1,0.5914660096168518
0,0.48236843943595886
1,0.5886288285255432
0,0.4884287714958191
1,0.5826982855796814
1,0.5840069055557251
0,0.49461936950683594
1,0.5149494409561157
1,0.5771548748016357
0,0.48438313603401184
1,0.506148099899292
0,0.5244752764701843
0,0.5199812054634094
1,0.5441578030586243
1,0.5095916390419006
0,0.4955679774284363
0,0.5351496934890747
1,0.5153996348381042
0,0.49480772018432617
1,0.5128958821296692
0,0.49481356143951416
0,0.49285146594047546
0,0.49324071407318115
1,0.5477231740951538
1,0.5688783526420593
1,0.581558346748352
1,0.5085922479629517
0,0.49246978759765625
0,0.493507981300354
0,0.4990588426589966
1,0.5096997618675232
0,0.4843844175338745
0,0.4883008301258087
1,0.6644359827041626
0,0.4822210967540741
0,0.48390519618988037
0,0.4925333857536316
0,0.4922184348106384
1,0.5767074823379517
0,0.4855353534221649
0,0.4974156320095062
0,0.4971569776535034
1,0.5200101137161255
0,0.5189939141273499
1,0.5611588954925537
0,0.48288872838020325
1,0.5696437954902649
0,0.48458173871040344
0,0.49993765354156494
1,0.545216977596283
1,0.5773467421531677
1,0.5698365569114685
0,0.4844135642051697
0,0.4937188923358917
0,0.4966537654399872
0,0.4976806342601776
1,0.5375927090644836
1,0.5149465203285217
1,0.5407363176345825
0,0.49183622002601624
0,0.49434176087379456
0,0.48778706789016724
1,0.5482091307640076
0,0.5035015940666199
0,0.4947368800640106
0,0.4981999397277832
0,0.48444244265556335
1,0.5163596868515015
1,0.5120589733123779
1,0.5425776839256287
0,0.4933062791824341
1,0.5901904106140137
1,0.5076658129692078
0,0.5301167368888855
1,0.5284757018089294
1,0.5314005017280579
0,0.49640199542045593
1,0.5752253532409668
1,0.5220986008644104
0,0.530242383480072
0,0.4822537899017334
1,0.5897159576416016
1,0.5667884349822998
1,0.5532649159431458
1,0.5498400926589966
0,0.48293328285217285
1,0.5803694725036621
1,0.602418065071106
1,0.5209737420082092
1,0.518500804901123
0,0.4942907392978668
0,0.49427953362464905
1,0.5832109451293945
0,0.5211066603660583
0,0.4939335584640503
1,0.5471646189689636
1,0.503911018371582
1,0.5213442444801331
1,0.5402423739433289
1,0.5295540690422058
0,0.5294687151908875
0,0.4941060245037079
0,0.4942289888858795
1,0.5082723498344421
0,0.4964343011379242
0,0.49847427010536194
0,0.4982072114944458
1,0.5667423605918884
0,0.4941742420196533
1,0.5041727423667908
0,0.5188795924186707
1,0.5617337226867676
1,0.5099104046821594
1,0.5079625844955444
1,0.5359851717948914
1,0.535440981388092
0,0.4910576343536377
0,0.49480748176574707
1,0.5772829651832581
0,0.4981794059276581
1,0.5791064500808716
1,0.5623752474784851
0,0.49703413248062134
1,0.5112460255622864
0,0.5383597612380981
1,0.5104701519012451
1,0.5982328653335571
0,0.49430355429649353
0,0.49379271268844604
0,0.49004384875297546
0,0.4911114573478699
1,0.5390312671661377
1,0.5034946799278259
1,0.5684776902198792
1,0.5819708108901978
0,0.5326831340789795
0,0.4956803023815155
0,0.4855344593524933
1,0.5153906941413879
1,0.5202757716178894
1,0.5847387313842773
0,0.4893094599246979
1,0.5747878551483154
0,0.4933279752731323
1,0.5839195251464844
0,0.49444422125816345
1,0.5097807049751282
0,0.49155959486961365
1,0.570369303226471
1,0.5181703567504883
1,0.5343842506408691
0,0.49323734641075134
0,0.5202213525772095
1,0.6814354062080383
1,0.5020093321800232
0,0.48859310150146484
0,0.5325710773468018
1,0.5426714420318604
0,0.49076271057128906
1,0.5374343991279602
1,0.5366001129150391
0,0.490978479385376
1,0.5677459836006165
0,0.4973418414592743
0,0.4876963794231415
0,0.4994029402732849
1,0.5096030831336975
0,0.49182936549186707
0,0.49737510085105896
0,0.4982652962207794
0,0.49378445744514465
1,0.6334284543991089
0,0.4857673645019531
0,0.493061900138855
1,0.6000553965568542
1,0.5263901948928833
0,0.5374233722686768
0,0.4991283118724823
1,0.5916785001754761
1,0.5393779873847961
0,0.49825263023376465
0,0.4967811107635498
1,0.5210381746292114
0,0.49705958366394043
1,0.5087497234344482
1,0.5763097405433655
1,0.5664926171302795
0,0.4922719895839691
0,0.4895038604736328
1,0.5439394116401672
0,0.49052131175994873
1,0.5085839033126831
0,0.4941416382789612
1,0.538063645362854
1,0.5123801827430725
1,0.5869452357292175
1,0.5470539927482605
1,0.5158790946006775
1,0.5328658223152161
0,0.48985710740089417
1,0.5844888687133789
1,0.5012322664260864
0,0.48656418919563293
0,0.4988418221473694
0,0.49540993571281433
1,0.5806694626808167
1,0.5182477831840515
0,0.49940645694732666
1,0.565986156463623
0,0.49503853917121887
0,0.4923970401287079
0,0.5297749042510986
1,0.5255687236785889
1,0.5187456011772156
1,0.568838894367218
1,0.5897384881973267
0,0.4915538430213928
1,0.5201806426048279
0,0.4925389885902405
1,0.5039125680923462
0,0.4968821406364441
1,0.5107569098472595
1,0.5066131949424744
0,0.495059609413147
1,0.5502601861953735
0,0.48263493180274963
0,0.48454007506370544
0,0.49137169122695923
0,0.4845501184463501
1,0.6790043711662292
1,0.5161543488502502
1,0.5990093350410461
0,0.4909774363040924
0,0.4965951144695282
0,0.530271053314209
1,0.5499890446662903
1,0.5050517320632935
1,0.5831422805786133
0,0.48402631282806396
0,0.4901811480522156
1,0.518097460269928
1,0.5433380603790283
1,0.6563026905059814
1,0.5776901841163635
1,0.5771579146385193
1,0.5680456161499023
0,0.4853624701499939
1,0.5996792912483215
1,0.5387185215950012
0,0.4913986921310425
1,0.5303805470466614
0,0.49547824263572693
0,0.4902328848838806
0,0.4840262830257416
1,0.5245025753974915
0,0.4915713965892792
1,0.5996312499046326
1,0.5104876756668091
1,0.5129811763763428
1,0.5416417717933655
1,0.513139009475708
0,0.5396421551704407
1,0.5207502245903015
1,0.5085517764091492
0,0.5361813306808472
1,0.5430527329444885
1,0.6704654693603516
1,0.5111977458000183
1,0.5051893591880798
0,0.4950532615184784
1,0.5773152112960815
0,0.4823424816131592
1,0.5829857587814331
1,0.5197811722755432
1,0.5657716393470764
0,0.49782794713974
1,0.6171736717224121
1,0.5150609612464905
1,0.5151214599609375
1,0.5649397373199463
0,0.48649680614471436
1,0.5726836919784546
1,0.519140362739563
1,0.5915851593017578
0,0.494015634059906
1,0.5901520848274231
0,0.4914478659629822
1,0.5191105604171753
1,0.5081701278686523
0,0.48386165499687195
1,0.554348886013031
1,0.6776522397994995
0,0.4909413158893585
1,0.5746876001358032
0,0.5385445952415466
0,0.49071866273880005
0,0.48681458830833435
1,0.5236499309539795
1,0.6477790474891663
1,0.5074030756950378
0,0.48864808678627014
0,0.49174240231513977
0,0.5341354012489319
0,0.5388266444206238
0,0.48313459753990173
1,0.5031951069831848
0,0.497961163520813
0,0.49618446826934814
1,0.5744049549102783
0,0.48288896679878235
0,0.5010697841644287
1,0.5136499404907227
0,0.49678245186805725
1,0.5187389850616455
1,0.5910646915435791
1,0.5382061004638672
1,0.5120474696159363
1,0.5571308732032776
0,0.49844759702682495
1,0.5275089144706726
1,0.5802751183509827
1,0.5227115750312805
1,0.5205767750740051
0,0.48393458127975464
1,0.511593222618103
1,0.5153502225875854
0,0.4923740327358246
0,0.497210294008255
0,0.4927506744861603
0,0.4834119975566864
1,0.5069330930709839
1,0.5448721647262573
0,0.504002571105957
1,0.5355686545372009
1,0.5207772254943848
1,0.5581485033035278
1,0.5527554154396057
1,0.6017404794692993
1,0.5821958184242249
1,0.5076132416725159
0,0.49122154712677
0,0.49063313007354736
0,0.4866032004356384
1,0.5208996534347534
1,0.590785801410675
1,0.5066718459129333
1,0.5881247520446777
1,0.5096628665924072
1,0.5821033716201782
1,0.6401013135910034
0,0.4970122277736664
1,0.5644427537918091
0,0.4927297532558441
1,0.6544709205627441
1,0.556865930557251
1,0.5903601050376892
0,0.49280744791030884
1,0.509029746055603
1,0.5513999462127686
1,0.5082331299781799
1,0.5179979205131531
1,0.5980401635169983
0,0.4952215254306793
0,0.4929235875606537
0,0.4946345388889313
1,0.588053286075592
1,0.5481399893760681
0,0.4926210343837738
0,0.4953829050064087
1,0.5199479460716248
0,0.4902791678905487
0,0.4954674541950226
1,0.5800740122795105
1,0.5906705260276794
1,0.5722875595092773
1,0.5038301348686218
1,0.5398406982421875
0,0.49691858887672424
0,0.49804359674453735
1,0.5012828707695007
0,0.5306053757667542
0,0.48770737648010254
0,0.4999232292175293
1,0.5203587412834167
1,0.5413528680801392
0,0.49304357171058655
0,0.4872031807899475
0,0.4965098798274994
1,0.5133047103881836
0,0.4919028878211975
0,0.49180272221565247
1,0.5115091800689697
0,0.49930045008659363
1,0.5259044766426086
1,0.544036865234375
1,0.5150841474533081
0,0.4956124722957611
1,0.6427268981933594
1,0.5688708424568176
0,0.496860146522522
1,0.5091336369514465
1,0.5456718802452087
0,0.4921092092990875
0,0.49374303221702576
1,0.5074582099914551
0,0.49185168743133545
0,0.4842696487903595
1,0.6807367205619812
0,0.49543192982673645
1,0.518068253993988
0,0.49119576811790466
1,0.5534967184066772
0,0.4932384490966797
1,0.5045387744903564
1,0.5233026146888733
1,0.5177684426307678
0,0.48962488770484924
0,0.49477702379226685
0,0.49258896708488464
1,0.5124415159225464
1,0.5121999382972717
1,0.49269306659698486
1,0.5731449723243713
0,0.48158589005470276
0,0.48890554904937744
0,0.48831164836883545
0,0.4829603433609009
0,0.4971841275691986
0,0.4819289743900299
0,0.49990513920783997
1,0.545578122138977
0,0.49106213450431824
1,0.5992550253868103
1,0.5752995610237122
1,0.5282759070396423
1,0.5281283855438232
0,0.5348731875419617
0,0.49732884764671326
1,0.5089765191078186
0,0.49559012055397034
1,0.5449486970901489
0,0.49715885519981384
1,0.6662039756774902
1,0.513609766960144
1,0.5879305005073547
1,0.5628600120544434
1,0.5121583342552185
1,0.6864452958106995
1,0.5082769393920898
1,0.5615494251251221
1,0.5115911960601807
0,0.49973639845848083
1,0.5052154660224915
1,0.5115073919296265
0,0.4934544861316681
1,0.5099671483039856
0,0.4915734827518463
1,0.5870106816291809
1,0.5087589621543884
1,0.5917598605155945
0,0.5003125071525574
1,0.5193302631378174
1,0.5123262405395508
1,0.5858412981033325
1,0.506517231464386
1,0.5101602673530579
0,0.48194393515586853
1,0.5505689382553101
1,0.5750058889389038
1,0.5140194892883301
1,0.49816209077835083
0,0.4937373101711273
0,0.4991747736930847
0,0.4925904870033264
1,0.575461745262146
0,0.4845948815345764
1,0.5136899948120117
0,0.4965639114379883
0,0.49149495363235474
1,0.5888769626617432
0,0.5270808935165405
0,0.5265893340110779
1,0.5135190486907959
1,0.5057398676872253
1,0.5458014011383057
1,0.5727017521858215
1,0.5140989422798157
0,0.4937676191329956
1,0.509576678276062
0,0.49560651183128357
0,0.49302005767822266
1,0.5604572296142578
1,0.5084692239761353
1,0.5065925121307373
1,0.5976142287254333
0,0.49162521958351135
1,0.5621541142463684
0,0.4947172701358795
0,0.4953060448169708
0,0.4824255108833313
1,0.5134720802307129
1,0.518308162689209
1,0.50856614112854
0,0.5429896712303162
0,0.49213728308677673
1,0.6911592483520508
0,0.4814523458480835
1,0.501282811164856
1,0.5178016424179077
1,0.5116941332817078
1,0.5039021968841553
1,0.5105744004249573
1,0.5471086502075195
0,0.4917334020137787
0,0.4855283796787262
1,0.5146257877349854
0,0.48384660482406616
0,0.484120637178421
0,0.48286277055740356
0,0.49136945605278015
1,0.5075664520263672
1,0.5187802910804749
1,0.5614609122276306
0,0.49173247814178467
0,0.4919823408126831
1,0.5846341848373413
0,0.4944072663784027
0,0.49076196551322937
1,0.5144764184951782
0,0.49316057562828064
1,0.5298493504524231
0,0.49812108278274536
1,0.5110071897506714
1,0.5584976673126221
1,0.5776308178901672
1,0.5097107291221619
1,0.527906060218811
0,0.4913993775844574
1,0.5209071636199951
0,0.4868740439414978
1,0.5986074209213257
1,0.5758746862411499
1,0.5127394795417786
1,0.5218237638473511
1,0.6434661746025085
0,0.531409740447998
1,0.5126652717590332
1,0.5060033202171326
1,0.5731370449066162
1,0.5498208999633789
1,0.5800623893737793
1,0.5101601481437683
0,0.5013076663017273
0,0.4901501536369324
1,0.5723699331283569
1,0.5171557664871216
1,0.5606042742729187
1,0.662692129611969
0,0.4923313856124878
1,0.5335158109664917
1,0.5213488340377808
0,0.4853745400905609
1,0.5152957439422607
0,0.4926220774650574
1,0.5104291439056396
1,0.5056513547897339
1,0.5560514330863953
1,0.5383356213569641
1,0.509266197681427
0,0.4937642216682434
1,0.5732953548431396
0,0.48595744371414185
1,0.5776160955429077
1,0.5812420845031738
1,0.5686023235321045
0,0.49447154998779297
1,0.5393242835998535
1,0.5723509788513184
0,0.4838055670261383
0,0.4859972596168518
1,0.5015817880630493
0,0.4919675886631012
0,0.4901691675186157
0,0.4834355115890503
0,0.49621230363845825
1,0.5093227028846741
1,0.5782853960990906
1,0.598635733127594
0,0.49493464827537537
0,0.4903992712497711
1,0.6496671438217163
1,0.5493568181991577
1,0.5815756320953369
1,0.5991331934928894
0,0.5308703780174255
1,0.5065887570381165
0,0.48389309644699097
0,0.4999069273471832
1,0.5726636648178101
1,0.5173301696777344
1,0.5307015776634216
0,0.4819336235523224
1,0.5917255282402039
1,0.5498981475830078
0,0.4849545359611511
0,0.4972493350505829
0,0.49982279539108276
0,0.4996739327907562
1,0.5083261132240295
0,0.49409571290016174
0,0.4823426306247711
0,0.4885283410549164
0,0.5000381469726562
0,0.48648303747177124
0,0.4917362332344055
0,0.4880204498767853
0,0.48649704456329346
1,0.549326479434967
0,0.5239927768707275
1,0.5037696957588196
0,0.49181056022644043
0,0.4976881742477417
1,0.5229508280754089
0,0.5321173667907715
1,0.5109881162643433
1,0.5159258246421814
1,0.57612544298172
1,0.5880813598632812
0,0.4844137132167816
1,0.5122998356819153
0,0.4963413178920746
1,0.5079768300056458
0,0.4924941062927246
1,0.5085733532905579
1,0.5819059014320374
1,0.5291219353675842
1,0.5601299405097961
1,0.6876230835914612
1,0.5147053599357605
1,0.5655226707458496
0,0.48347246646881104
1,0.5618160367012024
1,0.5013321042060852
1,0.5469974875450134
1,0.5176250338554382
0,0.4875987470149994
0,0.4941959083080292
0,0.4905036985874176
0,0.48627790808677673
1,0.5103423595428467
1,0.6374220252037048
0,0.48332956433296204
0,0.4919397532939911
0,0.5033076405525208
1,0.6594082713127136
1,0.5412082672119141
1,0.5355303287506104
1,0.5520942807197571
0,0.4881625175476074
1,0.5454936027526855
1,0.5152971148490906
0,0.500212550163269
1,0.5059000849723816
0,0.4971820116043091
0,0.5349391102790833
0,0.49046069383621216
1,0.5820305347442627
0,0.49768251180648804
1,0.510117769241333
1,0.5126588940620422
0,0.49376651644706726
1,0.5558832287788391
1,0.5106936097145081
0,0.48525747656822205
1,0.5969157218933105
0,0.4828643798828125
1,0.5905038714408875
0,0.48583635687828064
1,0.515410304069519
0,0.4824695885181427
0,0.533981442451477
1,0.507223904132843
0,0.49360623955726624
1,0.5486250519752502
1,0.5783114433288574
1,0.5086378455162048
0,0.4847927689552307
1,0.5075360536575317
0,0.4867221713066101
1,0.5836718678474426
0,0.49362656474113464
1,0.5161684155464172
0,0.4918978810310364
1,0.5584703683853149
0,0.49239468574523926
1,0.5099848508834839
1,0.506403386592865
1,0.5087428092956543
0,0.4960812032222748
1,0.5623056888580322
1,0.5072154998779297
0,0.49912023544311523
0,0.4924459457397461
1,0.5911569595336914
1,0.5690354704856873
1,0.571113109588623
1,0.5169744491577148
1,0.6109498143196106
0,0.500247061252594
1,0.5470824837684631
1,0.6007567048072815
1,0.5925769209861755
1,0.5080845355987549
1,0.5847335457801819
0,0.4841058850288391
1,0.5177838206291199
0,0.48477867245674133
1,0.5379640460014343
1,0.5897736549377441
1,0.5141562223434448
0,0.4857853651046753
1,0.5168446898460388
0,0.49830228090286255
1,0.5854158401489258
0,0.535332977771759
0,0.5331766605377197
0,0.4860955774784088
1,0.5076497793197632
1,0.5069273114204407
1,0.5059496760368347
1,0.5849531888961792
1,0.5827827453613281
1,0.5271313786506653
1,0.5016965270042419
1,0.6036719083786011
1,0.5039172172546387
1,0.5182943940162659
1,0.5958654284477234
1,0.5054709911346436
1,0.5149258971214294
1,0.544295072555542
1,0.5208330750465393
0,0.48100391030311584
1,0.5952903032302856
0,0.49260014295578003
1,0.5021138787269592
1,0.5717525482177734
0,0.5302781462669373
1,0.54071444272995
1,0.5575762391090393
0,0.49087533354759216
1,0.5171956419944763
0,0.4839366376399994
0,0.4963451325893402
0,0.49292126297950745
0,0.49122270941734314
1,0.5129699110984802
0,0.49158424139022827
1,0.5894137620925903
1,0.5657345652580261
1,0.5479634404182434
0,0.48006346821784973
1,0.5136592984199524
1,0.5812287330627441
0,0.48765328526496887
0,0.4846857190132141
0,0.488017737865448
1,0.5909776091575623
1,0.5335474014282227
1,0.5841294527053833
1,0.5595787763595581
0,0.48583918809890747
1,0.5170308947563171
1,0.5471657514572144
1,0.511621356010437
0,0.4840587377548218
0,0.48581475019454956
0,0.4953848421573639
1,0.5321870446205139
1,0.5754600167274475
0,0.48699480295181274
1,0.5128658413887024
1,0.5581167340278625
0,0.49072498083114624
1,0.5270694494247437
0,0.4840906858444214
0,0.4910295903682709
1,0.6707473993301392
1,0.52948397397995
0,0.491565465927124
1,0.5736721754074097
0,0.5423332452774048
1,0.610045850276947
0,0.49357661604881287
1,0.5564309358596802
1,0.5068080425262451
0,0.49376609921455383
0,0.4870539903640747
0,0.4800647497177124
1,0.5761561393737793
1,0.5391450524330139
0,0.48106393218040466
0,0.5300723314285278
1,0.5177234411239624
0,0.4939495623111725
0,0.48278558254241943
0,0.48193085193634033
1,0.6411570906639099
1,0.5566867589950562
1,0.5819264054298401
1,0.5650808215141296
1,0.5965473651885986
0,0.4944300949573517
1,0.653741180896759
0,0.5346834063529968
1,0.5136071443557739
0,0.5008306503295898
0,0.48381853103637695
1,0.586179256439209
1,0.6667687296867371
1,0.5682980418205261
1,0.5131608247756958
1,0.5058900713920593
1,0.5193189978599548
1,0.5777638554573059
1,0.5193763375282288
0,0.4872146248817444
1,0.5114343762397766
1,0.554291844367981
0,0.4868868589401245
0,0.4928227365016937
1,0.5203844904899597
0,0.4800654649734497
1,0.5485421419143677
1,0.5670558214187622
1,0.5095850825309753
1,0.5152585506439209
1,0.5587815642356873
0,0.5349102020263672
1,0.6752125024795532
1,0.5168352723121643
0,0.4933781027793884
1,0.5511833429336548
0,0.48473864793777466
1,0.5089335441589355
1,0.5157639980316162
1,0.5146066546440125
1,0.5129221081733704
1,0.5697166323661804
0,0.4926765263080597
1,0.6828983426094055
1,0.5627835988998413
0,0.49584823846817017
1,0.604977011680603
0,0.4940372407436371
0,0.4898800551891327
0,0.49841856956481934
0,0.49263694882392883
0,0.49352091550827026
0,0.499642938375473
0,0.4928792715072632
0,0.4916929304599762
1,0.5362728834152222
1,0.5025743842124939
0,0.492084801197052
1,0.5121206641197205
0,0.5020556449890137
1,0.5337930917739868
1,0.5134698748588562
0,0.4985339343547821
0,0.49426090717315674
0,0.488249808549881
1,0.5573397874832153
1,0.5922185182571411
1,0.5170825719833374
1,0.5861167311668396
0,0.48558807373046875
0,0.527356743812561
1,0.5855441689491272
1,0.509471595287323
0,0.5251237154006958
0,0.4837498664855957
1,0.5131874680519104
1,0.5800932049751282
1,0.599645733833313
0,0.5002701878547668
1,0.5627772212028503
1,0.5049191117286682
0,0.4914696216583252
1,0.5132355093955994
0,0.4845120906829834
1,0.5223770141601562
0,0.4980742931365967
1,0.5108795166015625
0,0.5252488255500793
0,0.4936007261276245
1,0.5040943622589111
0,0.530279815196991
0,0.49345502257347107
0,0.49487754702568054
0,0.4895707070827484
1,0.684138834476471
1,0.5910953879356384
0,0.4971855580806732
1,0.507329523563385
1,0.589694082736969
1,0.5910552144050598
1,0.5109671354293823
1,0.516896665096283
1,0.5990128517150879
0,0.4939219355583191
1,0.5129173994064331
1,0.5203434228897095
1,0.5705341100692749
0,0.4936451017856598
0,0.4927694797515869
1,0.5153151154518127
1,0.5795852541923523
1,0.5433816313743591
1,0.5129067301750183
1,0.5140174627304077
0,0.4963027834892273
1,0.5161306262016296
0,0.49052000045776367
1,0.5267961621284485
1,0.505323052406311
1,0.5144007205963135
1,0.5855762958526611
1,0.5126773715019226
1,0.5155748128890991
1,0.5784645080566406
0,0.49404487013816833
1,0.5759837627410889
1,0.5876365303993225
0,0.48200616240501404
1,0.5387593507766724
1,0.5826564431190491
1,0.583342432975769
0,0.4949316382408142
0,0.49333202838897705
1,0.6698119044303894
1,0.5187261700630188
1,0.5888208746910095
0,0.5405493378639221
0,0.524206280708313
1,0.5258914828300476
1,0.5133659839630127
0,0.5020493865013123
1,0.6723423004150391
1,0.5129908323287964
0,0.4879944622516632
1,0.510959804058075
1,0.5070655941963196
0,0.5369173884391785
0,0.49533000588417053
0,0.4865192174911499
0,0.4942054748535156
0,0.48974883556365967
1,0.5575667023658752
0,0.4982491731643677
0,0.48748791217803955
0,0.48575690388679504
1,0.678654670715332
1,0.5174228549003601
0,0.4861772954463959
0,0.4882085919380188
0,0.4946627616882324
0,0.4960518479347229
1,0.6578677892684937
1,0.5717085003852844
0,0.4897197186946869
1,0.5983955264091492
1,0.5601827502250671
1,0.5432286858558655
1,0.5174790620803833
0,0.496791809797287
0,0.4938944876194
1,0.5910211205482483
1,0.5151970386505127
0,0.48664233088493347
0,0.49291911721229553
1,0.5096443295478821
1,0.5835930705070496
0,0.4960741400718689
0,0.49063950777053833
1,0.5788624286651611
0,0.49802011251449585
0,0.4962330758571625
1,0.5143699049949646
0,0.4961467981338501
1,0.5621979236602783
0,0.49576807022094727
0,0.4845694303512573
1,0.575515866279602
1,0.5273532867431641
0,0.49567484855651855
1,0.5166657567024231
1,0.5675763487815857
1,0.5744885206222534
1,0.5781165957450867
0,0.5014670491218567
0,0.49218013882637024
0,0.48857876658439636
0,0.4874541461467743
1,0.5339232683181763
1,0.5334768891334534
1,0.5415289998054504
0,0.48242369294166565
1,0.5951135754585266
1,0.5815799832344055
1,0.5054028630256653
0,0.48428571224212646
1,0.5968040227890015
0,0.4873155951499939
0,0.49404609203338623
0,0.4939909279346466
1,0.5379716157913208
1,0.5083564519882202
1,0.6010866761207581
1,0.5928205847740173
0,0.4951361119747162
1,0.48899105191230774
0,0.4930465817451477
0,0.4793882668018341
1,0.5614014863967896
1,0.5828531384468079
1,0.5069306492805481
1,0.5119710564613342
1,0.5475959181785583
1,0.5581462979316711
1,0.5490836501121521
0,0.48600852489471436
1,0.5092608332633972
0,0.4847027063369751
1,0.5748605132102966
1,0.5060920715332031
1,0.5181034803390503
1,0.6475733518600464
1,0.589667022228241
1,0.5758219957351685
0,0.49216800928115845
1,0.5703891515731812
1,0.5160477757453918
0,0.4945947527885437
0,0.49573907256126404
1,0.5215697884559631
0,0.4842455983161926
1,0.5969372391700745
0,0.4830053448677063
1,0.5530722141265869
0,0.48247024416923523
0,0.49212366342544556
1,0.5300118923187256
0,0.4829552471637726
0,0.4851091206073761
1,0.5076844692230225
1,0.5586199164390564
1,0.5151550769805908
1,0.5907183885574341
1,0.5500819087028503
0,0.4952450394630432
0,0.4918779730796814
1,0.5753821730613708
1,0.5104598999023438
1,0.6553565263748169
0,0.5313762426376343
1,0.5237935781478882
1,0.5666883587837219
1,0.5159572958946228
1,0.5534953474998474
1,0.5888298749923706
0,0.4921608567237854
1,0.53109210729599
1,0.5040509700775146
0,0.48206329345703125
1,0.5159552097320557
0,0.5279087424278259
1,0.5131761431694031
0,0.4975503981113434
1,0.5596693158149719
1,0.5859381556510925
0,0.4890969693660736
1,0.5365129709243774
1,0.5500949025154114
1,0.5117649435997009
1,0.512824296951294
1,0.5386637449264526
1,0.5155786871910095
0,0.49034154415130615
1,0.6016431450843811
0,0.48938992619514465
1,0.6021410822868347
1,0.590617835521698
0,0.4899905025959015
1,0.5291850566864014
1,0.5166332125663757
1,0.5101038217544556
0,0.4965611398220062
1,0.5697045922279358
1,0.5931975841522217
0,0.4943826198577881
1,0.6403872966766357
1,0.5711308717727661
0,0.48814529180526733
0,0.5035308599472046
1,0.6674771904945374
1,0.5870133638381958
1,0.5801329612731934
0,0.48724597692489624
1,0.5812378525733948
0,0.49223592877388
1,0.5846729278564453
0,0.49513575434684753
1,0.5179328918457031
0,0.4884704053401947
1,0.6027137041091919
0,0.5395058989524841
0,0.4825146496295929
1,0.5486997365951538
0,0.49200427532196045
1,0.5135514736175537
1,0.5155177116394043
1,0.5145725607872009
0,0.4904329180717468
0,0.4922690987586975
1,0.5750932097434998
1,0.5951727628707886
1,0.5163899660110474
1,0.5155217051506042
1,0.50987309217453
0,0.4838619828224182
1,0.5078049302101135
0,0.49213677644729614
0,0.5246387124061584
1,0.5206482410430908
1,0.5879550576210022
1,0.6644282341003418
0,0.48725447058677673
0,0.4848242700099945
1,0.5025331974029541
1,0.5086144208908081
1,0.5782220363616943
1,0.5072706937789917
1,0.5122359395027161
0,0.4974484145641327
1,0.5835232138633728
1,0.6642624735832214
0,0.4885904788970947
1,0.5110363960266113
1,0.5831894278526306
1,0.5108839869499207
1,0.5983557105064392
1,0.5081903338432312
1,0.5949919819831848
1,0.5142309665679932
1,0.5839923620223999
1,0.5395826101303101
0,0.49714693427085876
0,0.49163639545440674
1,0.5955231189727783
1,0.5088422894477844
0,0.4843275845050812
1,0.5956637263298035
0,0.5003371238708496
1,0.5614113807678223
0,0.481496125459671
1,0.559833288192749
1,0.526391327381134
1,0.5166118144989014
1,0.5787147283554077
1,0.4894459843635559
1,0.5211017727851868
1,0.5942240357398987
1,0.5185068845748901
0,0.49511227011680603
1,0.5193843841552734
0,0.5000137090682983
1,0.5130070447921753
1,0.6424282193183899
1,0.5178447365760803
0,0.5355378985404968
1,0.5773096084594727
1,0.5161574482917786
1,0.5297096967697144
1,0.5140085816383362
0,0.49782297015190125
1,0.5595906972885132
0,0.48751261830329895
1,0.5083428621292114
1,0.50334233045578
1,0.511468231678009
1,0.5199708938598633
1,0.5092830657958984
0,0.5267555117607117
0,0.48833027482032776
1,0.5140984058380127
0,0.485042929649353
0,0.4953926205635071
0,0.5382072925567627
1,0.5256403684616089
1,0.6677703261375427
1,0.5853326916694641
1,0.5091431140899658
0,0.4932819604873657
1,0.5912066698074341
1,0.584674060344696
1,0.565262496471405
1,0.5140962600708008
1,0.5164785385131836
0,0.492366760969162
1,0.5159472227096558
1,0.5436563491821289
0,0.49138128757476807
1,0.5964981913566589
1,0.6244027018547058
1,0.5171061158180237
1,0.5380864143371582
1,0.546114444732666
0,0.4829723834991455
0,0.48356276750564575
0,0.4916857182979584
0,0.5437206625938416
0,0.49015897512435913
1,0.5124067664146423
0,0.4869232773780823
1,0.5667001605033875
1,0.5211015343666077
1,0.5486487150192261
1,0.5155631303787231
0,0.49858707189559937
0,0.5400878190994263
1,0.5151301622390747
0,0.5347097516059875
1,0.5114415287971497
1,0.5523202419281006
1,0.5198079943656921
1,0.5155960917472839
1,0.5672714114189148
1,0.5113049745559692
1,0.5836501121520996
1,0.5095950365066528
1,0.703661322593689
0,0.48967209458351135
0,0.4861510396003723
1,0.5193894505500793
1,0.5707546472549438
1,0.5108683109283447
0,0.4904767870903015
1,0.5435776710510254
0,0.49687421321868896
1,0.5772109627723694
0,0.49494752287864685
1,0.5098722577095032
1,0.5702276825904846
1,0.5810731053352356
1,0.5881159901618958
0,0.4922771751880646
0,0.4843190908432007
1,0.5452109575271606
1,0.5385757684707642
1,0.515697181224823
1,0.5165831446647644
1,0.5132063627243042
1,0.5136673450469971
0,0.48716431856155396
0,0.48347407579421997
1,0.5246062874794006
0,0.49186885356903076
0,0.4964092969894409
0,0.49581822752952576
1,0.632220983505249
1,0.5837602615356445
0,0.48916929960250854
0,0.49501848220825195
0,0.5249006748199463
0,0.4913327097892761
0,0.4918886423110962
1,0.5911663770675659
0,0.49044451117515564
1,0.5673940181732178
1,0.5061410069465637
1,0.576543927192688
1,0.5724292993545532
1,0.6160837411880493
1,0.5146380066871643
0,0.4959717392921448
1,0.5078582167625427
0,0.4981117248535156
1,0.5468080043792725
1,0.5399990677833557
0,0.49451708793640137
1,0.5137028694152832
1,0.5125839710235596
1,0.5937066674232483
0,0.49279460310935974
1,0.6491763591766357
1,0.508333146572113
0,0.49451667070388794
1,0.5096684694290161
1,0.5126121044158936
1,0.6446293592453003
1,0.5843700766563416
0,0.494918555021286
0,0.48173248767852783
1,0.5984145998954773
1,0.5149048566818237
1,0.5160096287727356
1,0.5503525137901306
1,0.5736017227172852
0,0.4919208288192749
0,0.4928979277610779
1,0.5555047392845154
1,0.5200856924057007
0,0.48243895173072815
0,0.49169790744781494
1,0.5433912873268127
1,0.5179404020309448
0,0.49463576078414917
0,0.4968869090080261
0,0.4828950762748718
1,0.5438833832740784
0,0.4824361801147461
0,0.5014896392822266
1,0.5048224329948425
1,0.5500329732894897
0,0.48291638493537903
1,0.5180945992469788
0,0.488550066947937
1,0.5076390504837036
1,0.5659724473953247
1,0.5302466154098511
1,0.5423082709312439
0,0.4921133816242218
0,0.49188074469566345
1,0.5052008032798767
0,0.4828932583332062
0,0.49762770533561707
1,0.6610839366912842
1,0.5404584407806396
0,0.4867769181728363
1,0.5724118947982788
1,0.5565164685249329
1,0.5686244964599609
1,0.584465742111206
0,0.49975430965423584
1,0.5031737089157104
0,0.49485349655151367
1,0.517815887928009
1,0.5166864991188049
1,0.5282424688339233
0,0.48635199666023254
1,0.5160989761352539
1,0.5089071989059448
0,0.49080538749694824
1,0.5422140955924988
1,0.5141147375106812
1,0.5152944922447205
1,0.6455780863761902
1,0.5745974183082581
1,0.520304799079895
1,0.5957323312759399
0,0.4934031665325165
1,0.5727322101593018
1,0.5104303359985352
1,0.575234591960907
1,0.540244996547699
1,0.6389520764350891
1,0.5831575989723206
1,0.5241351127624512
0,0.49839144945144653
1,0.5276671051979065
1,0.5767325758934021
0,0.49946328997612
0,0.4939158856868744
1,0.5830629467964172
0,0.4900341331958771
1,0.5092672109603882
1,0.5254625678062439
1,0.5937017798423767
1,0.6675777435302734
1,0.5095911026000977
0,0.4947940707206726
1,0.5178984999656677
1,0.5959163308143616
1,0.5959898829460144
1,0.5084438920021057
0,0.4954740107059479
0,0.4847210645675659
1,0.5215507745742798
1,0.5919055938720703
1,0.5834124088287354
0,0.4838346540927887
0,0.49299681186676025
1,0.5400137901306152
1,0.5116207599639893
0,0.4976575970649719
1,0.5897852182388306
0,0.49580317735671997
1,0.5113332271575928
1,0.5115073323249817
0,0.4973054528236389
1,0.5140893459320068
1,0.5103298425674438
1,0.5073897838592529
1,0.5428764820098877
1,0.5945915579795837
1,0.6607933044433594
1,0.5347018241882324
1,0.5135259032249451
1,0.51148921251297
0,0.485995888710022
0,0.4894595146179199
1,0.6588178873062134
1,0.5104008316993713
0,0.4860894978046417
1,0.5357191562652588
1,0.51813805103302
1,0.5449045896530151
0,0.49102509021759033
0,0.5002941489219666
1,0.5162501335144043
1,0.5614840984344482
1,0.5131954550743103
1,0.5132607817649841
1,0.5086514353752136
1,0.5817665457725525
1,0.5145034790039062
0,0.49718308448791504
1,0.5782454013824463
1,0.6579523682594299
1,0.5163624286651611
1,0.5509154796600342
0,0.4946996867656708
1,0.5519706606864929
1,0.5693305730819702
0,0.49150699377059937
1,0.5188496112823486
0,0.49852603673934937
0,0.49792852997779846
0,0.5197052955627441
1,0.5071890354156494
1,0.5059369802474976
1,0.5955766439437866
0,0.48895296454429626
1,0.5504149198532104
1,0.5118250250816345
0,0.5271101593971252
1,0.658824622631073
0,0.5001372694969177
0,0.4816988408565521
1,0.5089176893234253
0,0.49420952796936035
0,0.4854193925857544
1,0.6101358532905579
1,0.5820776224136353
0,0.4962039589881897
1,0.49590864777565
0,0.49683430790901184
0,0.4932005703449249
1,0.5469968914985657
1,0.556755006313324
1,0.5162283182144165
1,0.6745866537094116
0,0.5096466541290283
0,0.48291799426078796
1,0.5899298191070557
1,0.5107051134109497
1,0.5191901922225952
1,0.5902313590049744
1,0.5575136542320251
1,0.5862402319908142
1,0.5840678811073303
1,0.5745046734809875
0,0.4901484251022339
1,0.5219869017601013
0,0.49635881185531616
0,0.5042705535888672
1,0.5510128140449524
1,0.5917131900787354
1,0.5238866806030273
1,0.5115767121315002
1,0.6376218199729919
1,0.5570604205131531
1,0.5817092657089233
1,0.5605353713035583
0,0.49579912424087524
0,0.4967205226421356
1,0.5124275088310242
1,0.5063295364379883
0,0.48702681064605713
1,0.5183666348457336
1,0.5721704959869385
1,0.5041700601577759
0,0.48805639147758484
1,0.5991072654724121
1,0.5410833358764648
0,0.4929508566856384
1,0.5098472237586975
0,0.485723614692688
0,0.4824243187904358
1,0.5931006073951721
1,0.5896942019462585
1,0.5838359594345093
0,0.4958730936050415
1,0.5130062699317932
0,0.5217847228050232
0,0.48058316111564636
1,0.5800464153289795
0,0.4877403974533081
0,0.4963228106498718
1,0.5189111828804016
0,0.49669402837753296
1,0.5141464471817017
0,0.48349928855895996
1,0.5063969492912292
0,0.4924735426902771
1,0.5100932717323303
1,0.5033146142959595
1,0.5665902495384216
1,0.5528460144996643
0,0.49849334359169006
0,0.49739769101142883
1,0.521683931350708
1,0.5347455739974976
1,0.5135453939437866
1,0.6597568988800049
1,0.5114560723304749
1,0.6897199153900146
0,0.4917256832122803
0,0.49444690346717834
1,0.6640621423721313
1,0.5090121030807495
0,0.49351564049720764
0,0.494244247674942
0,0.4948177635669708
0,0.4925101399421692
0,0.48681768774986267
0,0.491565465927124
1,0.5156958699226379
1,0.5152650475502014
1,0.5958606004714966
1,0.5666982531547546
1,0.576675295829773
1,0.5779927372932434
1,0.5328630805015564
1,0.5546748042106628
1,0.5072346925735474
1,0.5121464133262634
1,0.5465655326843262
0,0.4883057177066803
1,0.5548588633537292
1,0.5191171765327454
0,0.4823962152004242
0,0.49636223912239075
0,0.49337682127952576
1,0.5883593559265137
1,0.6723073720932007
1,0.5110980868339539
1,0.5113329887390137
1,0.5865956544876099
1,0.5145554542541504
1,0.657808780670166
1,0.5080335736274719
1,0.5101126432418823
1,0.5152066946029663
0,0.4972732663154602
1,0.5169439315795898
1,0.562999427318573
1,0.5793506503105164
1,0.5164581537246704
1,0.5158388018608093
0,0.4963177740573883
0,0.4939996004104614
0,0.4867721199989319
1,0.5162270665168762
1,0.5139424800872803
1,0.5507829189300537
1,0.5151150226593018
1,0.5359036922454834
0,0.48804616928100586
0,0.4864223301410675
1,0.5621518492698669
1,0.5184679627418518
1,0.5364469289779663
0,0.49679481983184814
1,0.5811207890510559
0,0.4955269992351532
1,0.5983579158782959
1,0.5348213911056519
1,0.514249861240387
0,0.48482179641723633
1,0.51634281873703
1,0.5185279846191406
1,0.514063835144043
1,0.6773233413696289
1,0.5397027730941772
1,0.5143908262252808
1,0.512932538986206
0,0.48390069603919983
1,0.5573279857635498
1,0.5070289373397827
1,0.513222873210907
1,0.5650603771209717
1,0.510993480682373
1,0.5942691564559937
0,0.48009464144706726
1,0.5135427117347717
0,0.4972771406173706
1,0.516183614730835
0,0.49772974848747253
0,0.4968268871307373
0,0.4937792420387268
0,0.49062326550483704
1,0.5946751832962036
1,0.5298455357551575
1,0.5333907008171082
1,0.557389497756958
0,0.4945927858352661
1,0.586792528629303
0,0.49378126859664917
0,0.48977091908454895
1,0.5027210712432861
0,0.4868403673171997
1,0.5711268782615662
1,0.5125816464424133
1,0.5975938439369202
1,0.5681529641151428
1,0.5625016093254089
1,0.5079991221427917
1,0.6828515529632568
0,0.4845702648162842
0,0.4844987094402313
1,0.514331042766571
0,0.5318718552589417
1,0.5724616646766663
1,0.5132946968078613
0,0.5002169609069824
1,0.5852211713790894
1,0.5858327150344849
0,0.5288566946983337
1,0.5078408122062683
1,0.5319271683692932
0,0.48591235280036926
1,0.6386052370071411
1,0.5867732763290405
1,0.5735100507736206
0,0.4907711446285248
1,0.5298997759819031
0,0.4970124065876007
0,0.5224422216415405
1,0.5137829780578613
1,0.5911262631416321
1,0.5446408987045288
1,0.5187808871269226
1,0.5201930403709412
1,0.5234079360961914
0,0.4856163561344147
1,0.5846811532974243
1,0.5849276781082153
0,0.5319233536720276
1,0.582272469997406
1,0.5452335476875305
0,0.5361541509628296
0,0.49110835790634155
1,0.5803037285804749
1,0.5126403570175171
1,0.5221843123435974
1,0.5403194427490234
1,0.5864905118942261
1,0.5180138945579529
1,0.5146179795265198
1,0.5104255676269531
1,0.5682094693183899
1,0.5107467770576477
0,0.483503133058548
1,0.5360442399978638
1,0.5740281343460083
1,0.5924261212348938
0,0.49198856949806213
1,0.5569440126419067
1,0.5150460600852966
1,0.531947135925293
0,0.49635857343673706
1,0.595598042011261
1,0.5700280666351318
1,0.5383298397064209
1,0.5083537101745605
0,0.4940090775489807
0,0.49381253123283386
0,0.503945529460907
1,0.5903745293617249
0,0.4959471523761749
0,0.49892672896385193
1,0.509274423122406
1,0.6704062819480896
0,0.4840925335884094
0,0.4909018874168396
1,0.5175554752349854
1,0.5893474817276001
0,0.49108925461769104
1,0.5664193034172058
1,0.5182737112045288
0,0.4832974970340729
0,0.5316055417060852
0,0.4922771751880646
1,0.5120375156402588
1,0.5156423449516296
0,0.49385178089141846
1,0.5978919267654419
1,0.5787438154220581
1,0.5802549123764038
1,0.6787227392196655
1,0.5585655570030212
1,0.5217445492744446
1,0.5515733957290649
1,0.5189340114593506
1,0.5127674341201782
0,0.49515074491500854
1,0.5136532783508301
1,0.5963698625564575
1,0.56619793176651
0,0.49766385555267334
1,0.5791299939155579
0,0.4866851270198822
0,0.49086788296699524
0,0.4916131794452667
1,0.5499032735824585
1,0.5242087841033936
0,0.49005967378616333
1,0.5050323605537415
1,0.511707603931427
0,0.49215322732925415
1,0.659766435623169
0,0.4864337146282196
1,0.6464411616325378
1,0.5130541920661926
1,0.5682220458984375
1,0.6478247046470642
1,0.582188606262207
0,0.5169539451599121
1,0.6043378710746765
1,0.5832786560058594
0,0.49066218733787537
0,0.4951399862766266
1,0.523745596408844
1,0.6003685593605042
0,0.4929705560207367
1,0.6480246186256409
0,0.4882986843585968
0,0.48342519998550415
1,0.5686419606208801
0,0.4869723916053772
1,0.5911030769348145
0,0.49845418334007263
0,0.4940129220485687
1,0.5406969785690308
0,0.5392239093780518
1,0.5195460319519043
1,0.5118507742881775
1,0.5142680406570435
0,0.49663475155830383
0,0.5269870758056641
1,0.5175185799598694
0,0.4869394898414612
1,0.5133812427520752
1,0.5104036927223206
1,0.5097274780273438
0,0.4859623312950134
0,0.5387260317802429
1,0.5579497814178467
1,0.534784734249115
1,0.5083305239677429
1,0.5100489854812622
1,0.5048158764839172
1,0.5148287415504456
1,0.5131012201309204
1,0.5402519702911377
1,0.5971916913986206
0,0.4855844974517822
1,0.5137884020805359
1,0.6663593053817749
1,0.5121936202049255
0,0.4997820556163788
0,0.4899900555610657
1,0.5039175748825073
0,0.49277839064598083
1,0.6378002762794495
1,0.5989158153533936
1,0.5915684700012207
1,0.5500978231430054
0,0.5308390259742737
1,0.5991103053092957
0,0.4926857352256775
1,0.560744047164917
0,0.4967896342277527
0,0.4950783848762512
0,0.5047647356987
0,0.49940645694732666
1,0.5761698484420776
0,0.4924924969673157
1,0.5033361315727234
0,0.4924553334712982
0,0.4973387122154236
1,0.5423644185066223
0,0.4881630837917328
1,0.5913511514663696
1,0.5585249662399292
0,0.48387476801872253
0,0.4954879581928253
1,0.5147455334663391
0,0.4934021234512329
1,0.5158814787864685
1,0.5085864067077637
1,0.5487222075462341
1,0.6026119589805603
1,0.586179792881012
0,0.49442994594573975
1,0.5177546739578247
1,0.5841968655586243
0,0.48197486996650696
1,0.5119533538818359
0,0.49864640831947327
0,0.48484888672828674
0,0.4934642016887665
0,0.4858057498931885
0,0.4824562668800354
1,0.5588039755821228
1,0.5182415843009949
0,0.5272334218025208
1,0.5100098252296448
1,0.5076901316642761
0,0.4942367970943451
0,0.4933779835700989
0,0.4925743341445923
1,0.5824209451675415
1,0.5906659364700317
0,0.4957890510559082
0,0.49402472376823425
0,0.4896254539489746
0,0.49144187569618225
0,0.5013208985328674
1,0.5346439480781555
0,0.4916362166404724
1,0.6868708729743958
1,0.5862270593643188
1,0.516197919845581
1,0.5354564189910889
0,0.4917248785495758
1,0.5184849500656128
1,0.5838295817375183
1,0.5729023218154907
1,0.5002794861793518
0,0.48336637020111084
0,0.484179824590683
0,0.48668569326400757
1,0.5687230229377747
1,0.5751187205314636
0,0.5375180244445801
0,0.4929054379463196
0,0.4940483570098877
0,0.485695481300354
1,0.5784825086593628
0,0.48940253257751465
1,0.5152697563171387
0,0.48354610800743103
1,0.6001736521720886
0,0.48387691378593445
1,0.5948463082313538
1,0.5192197561264038
1,0.5886503458023071
1,0.5202707648277283
1,0.5579108595848083
0,0.4968678653240204
1,0.5866789817810059
1,0.5631243586540222
0,0.49783697724342346
1,0.5915629267692566
1,0.5518707036972046
0,0.4976769685745239
1,0.5388242602348328
0,0.49199292063713074
1,0.5055107474327087
1,0.5796210169792175
1,0.576123058795929
0,0.48439112305641174
1,0.5082283020019531
1,0.5749396085739136
0,0.4947262406349182
1,0.5879426002502441
1,0.5720611810684204
1,0.6609677076339722
1,0.50892573595047
0,0.49288487434387207
1,0.644206166267395
1,0.5772956609725952
1,0.5743480920791626
1,0.5103415250778198
1,0.584120512008667
0,0.49315500259399414
1,0.5811314582824707
0,0.49382296204566956
1,0.5875689387321472
0,0.4944393038749695
0,0.48766469955444336
1,0.5092939138412476
1,0.5672004818916321
1,0.5827231407165527
1,0.5188570618629456
1,0.6916138529777527
1,0.5106084942817688
1,0.5217879414558411
1,0.508887529373169
1,0.5888441801071167
1,0.5123519897460938
0,0.4911087453365326
0,0.49634572863578796
0,0.4918377101421356
1,0.5075691342353821
0,0.4801093637943268
0,0.48388510942459106
0,0.49075552821159363
0,0.4976672828197479
0,0.49017569422721863
0,0.494317889213562
0,0.49299636483192444
1,0.512542188167572
1,0.5173830986022949
1,0.5110630393028259
1,0.5810055136680603
1,0.5871837735176086
0,0.4920627474784851
1,0.5453733801841736
1,0.49583700299263
0,0.5270512104034424
0,0.4848669767379761
1,0.6755020022392273
0,0.4935934543609619
1,0.5158476233482361
1,0.5266847610473633
1,0.5799649953842163
0,0.5394193530082703
0,0.4910331964492798
1,0.5929291248321533
0,0.4947638213634491
0,0.4844169616699219
0,0.48242196440696716
1,0.5627346038818359
1,0.5832644104957581
0,0.4840747117996216
1,0.5651785135269165
1,0.6374011635780334
1,0.54564368724823
0,0.4964527487754822
1,0.6521169543266296
0,0.49298059940338135
1,0.5244277715682983
0,0.5326842069625854
0,0.5249029397964478
1,0.5657028555870056
1,0.5183550119400024
1,0.5263376832008362
0,0.4871746003627777
1,0.6076250076293945
1,0.6608644723892212
0,0.4983031749725342
0,0.4943470060825348
1,0.5906021595001221
0,0.49370941519737244
1,0.5516689419746399
1,0.5060109496116638
0,0.4853964149951935
1,0.5151326656341553
0,0.4918239414691925
1,0.5117655396461487
1,0.5744995474815369
1,0.5134420394897461
0,0.48732393980026245
0,0.4985874891281128
0,0.485751748085022
0,0.49096256494522095
0,0.4873587489128113
0,0.483625590801239
1,0.5002003908157349
0,0.5348332524299622
1,0.5113235116004944
0,0.48406508564949036
0,0.4896544814109802
0,0.4866569936275482
1,0.5960546135902405
1,0.5427711009979248
1,0.5901327729225159
1,0.5143514275550842
0,0.4863235652446747
1,0.570695161819458
1,0.5044155120849609
0,0.49537143111228943
0,0.4983014464378357
0,0.5322865843772888
0,0.4953916668891907
0,0.49594375491142273
1,0.5092371106147766
1,0.5446316003799438
1,0.5371317267417908
1,0.5174123048782349
1,0.5236337780952454
1,0.5077543258666992
0,0.49155107140541077
1,0.5924863815307617
1,0.5449889302253723
1,0.6021364331245422
1,0.5108600854873657
1,0.5573651790618896
0,0.49518394470214844
1,0.5786380767822266
1,0.655899703502655
0,0.4912149906158447
1,0.5039905309677124
0,0.4897528886795044
1,0.5346749424934387
0,0.4946795701980591
1,0.5137580633163452
0,0.49275147914886475
1,0.5882919430732727
1,0.5462702512741089
1,0.5099135637283325
1,0.5234509110450745
1,0.525706946849823
0,0.486386239528656
1,0.5876956582069397
1,0.5076630115509033
0,0.49920564889907837
0,0.4953242838382721
1,0.5129271149635315
1,0.5525307655334473
1,0.59562748670578
1,0.5283236503601074
0,0.49627161026000977
1,0.5332306027412415
0,0.4833816885948181
0,0.497089684009552
1,0.5107042789459229
1,0.528700053691864
1,0.5872524976730347
0,0.48459887504577637
0,0.49488314986228943
1,0.5782158970832825
1,0.55171138048172
1,0.6398690938949585
0,0.4870876669883728
1,0.6968439221382141
1,0.5408810973167419
1,0.5166864395141602
1,0.5783483386039734
1,0.5072758793830872
0,0.4819467067718506
0,0.482887864112854
0,0.4894774556159973
1,0.5216622352600098
1,0.6108850240707397
1,0.5682843327522278
1,0.5769035220146179
0,0.4909181594848633
1,0.5095176100730896
1,0.5892544984817505
1,0.5093281865119934
0,0.49234825372695923
1,0.5036212801933289
0,0.4950963854789734
1,0.5090053081512451
0,0.4949919581413269
1,0.5761896371841431
1,0.5896669626235962
0,0.49671173095703125
1,0.5939387679100037
1,0.5969998836517334
1,0.5910733342170715
1,0.5346541404724121
1,0.5110978484153748
1,0.5088357329368591
0,0.48910394310951233
0,0.5010157823562622
1,0.5206166505813599
0,0.4874086081981659
1,0.5077361464500427
0,0.5314650535583496
1,0.5170395970344543
0,0.5253502130508423
1,0.550153911113739
0,0.48796939849853516
1,0.5986797213554382
1,0.5265401601791382
0,0.4926508367061615
1,0.5572494268417358
1,0.5153207182884216
1,0.680479109287262
1,0.5128798484802246
1,0.5899980664253235
0,0.49534639716148376
1,0.580818772315979
1,0.506027102470398
1,0.5767955183982849
0,0.5271854400634766
0,0.49768510460853577
1,0.5740290284156799
1,0.5111681818962097
0,0.5245761871337891
0,0.4921215772628784
1,0.5964902639389038
0,0.49438709020614624
1,0.5106279253959656
0,0.5010925531387329
0,0.49871352314949036
1,0.5159991383552551
1,0.540510892868042
1,0.50899738073349
1,0.581926167011261
1,0.5167112946510315
0,0.49500149488449097
1,0.5448946952819824
0,0.49205079674720764
1,0.5524495840072632
1,0.5890446305274963
1,0.5457569360733032
0,0.48853105306625366
1,0.568430483341217
0,0.4843702018260956
1,0.5807011723518372
1,0.4896508455276489
0,0.49117326736450195
1,0.5940229296684265
1,0.5626687407493591
0,0.48458537459373474
0,0.4887019395828247
0,0.49506622552871704
1,0.5233564972877502
1,0.5895512700080872
0,0.493412047624588
1,0.5536408424377441
1,0.5073720812797546
0,0.5395622849464417
1,0.5082995891571045
1,0.5043104887008667
1,0.5282514095306396
1,0.5648854374885559
0,0.488456130027771
1,0.50648033618927
1,0.5144758224487305
1,0.5912445783615112
0,0.4936504364013672
1,0.5069718956947327
0,0.47955039143562317
1,0.5936815738677979
1,0.5876911878585815
0,0.49582675099372864
0,0.5375636219978333
1,0.5831269025802612
1,0.5038912296295166
1,0.5132479071617126
1,0.5909905433654785
0,0.4870162308216095
1,0.5223968029022217
0,0.5009861588478088
1,0.5144230723381042
0,0.4918040931224823
1,0.5791064500808716
1,0.5771503448486328
1,0.5323824882507324
0,0.49474036693573
0,0.4998714029788971
1,0.5280240774154663
0,0.5317192673683167
1,0.5106273889541626
1,0.5453199148178101
0,0.49605727195739746
0,0.49425438046455383
1,0.6035332679748535
0,0.49283096194267273
0,0.4823712706565857
0,0.5435390472412109
1,0.5528477430343628
1,0.6255881786346436
1,0.5300787687301636
0,0.4986879229545593
1,0.6879916191101074
0,0.48652219772338867
1,0.5117074251174927
0,0.5331812500953674
1,0.5453042984008789
0,0.49387452006340027
1,0.5379171967506409
0,0.49025505781173706
1,0.5131387114524841
1,0.5090317726135254
1,0.5089758634567261
0,0.5241219401359558
0,0.49118587374687195
0,0.4854775369167328
0,0.4831128418445587
1,0.5089343786239624
0,0.5299323201179504
1,0.5027509331703186
0,0.4940769374370575
1,0.5815210938453674
0,0.4856202304363251
1,0.5394294857978821
1,0.6667761206626892
1,0.538754940032959
1,0.5154927372932434
0,0.4922899007797241
0,0.48978525400161743
0,0.5181600451469421
0,0.48007792234420776
1,0.5884252190589905
0,0.4949263036251068
1,0.5765955448150635
1,0.5144121646881104
1,0.5403499007225037
0,0.49255630373954773
0,0.5351572036743164
1,0.6995348334312439
1,0.5140763521194458
0,0.48287633061408997
1,0.5930649638175964
1,0.6896160840988159
1,0.5149759650230408
1,0.5852514505386353
0,0.52543044090271
0,0.49122971296310425
1,0.5080055594444275
1,0.6940334439277649
0,0.4822973906993866
1,0.5072253942489624
0,0.48678165674209595
0,0.49055084586143494
0,0.49428263306617737
0,0.535627543926239
0,0.48197653889656067
0,0.481413334608078
1,0.5062198638916016
0,0.4925483167171478
0,0.49463826417922974
1,0.5516239404678345
1,0.5570120215415955
1,0.576129674911499
1,0.5665518641471863
0,0.49218106269836426
0,0.49803218245506287
1,0.5158926248550415
0,0.5002990961074829
0,0.4923328757286072
1,0.5387000441551208
0,0.490803986787796
1,0.5175052881240845
0,0.49707335233688354
0,0.4933035969734192
0,0.49358177185058594
0,0.4937662184238434
0,0.4860806167125702
0,0.5351803302764893
0,0.4911544620990753
0,0.4849231541156769
1,0.5944390296936035
1,0.5932890772819519
0,0.49633386731147766
1,0.5098146200180054
0,0.49359259009361267
0,0.49316075444221497
0,0.4885517954826355
0,0.4871809482574463
0,0.49113768339157104
1,0.5792356133460999
0,0.5271698832511902
1,0.5896998643875122
0,0.48631855845451355
0,0.48090583086013794
1,0.5219416618347168
1,0.5118975043296814
1,0.6003318428993225
1,0.5772352814674377
1,0.596881628036499
1,0.5507606267929077
0,0.5003647208213806
1,0.5089414119720459
0,0.4839358627796173
0,0.48674285411834717
1,0.5058214664459229
0,0.530652642250061
0,0.5310148596763611
1,0.5587813854217529
1,0.5580090880393982
1,0.5847351551055908
1,0.6692391633987427
1,0.5734542608261108
0,0.49473080039024353
1,0.4981970489025116
1,0.522921085357666
1,0.507740318775177
0,0.481020450592041
0,0.49688997864723206
0,0.48627910017967224
1,0.5118920207023621
0,0.4810321033000946
1,0.5600993633270264
0,0.4953274428844452
1,0.5485342144966125
1,0.596599280834198
1,0.5064321160316467
0,0.5173450708389282
0,0.49065718054771423
1,0.5130795240402222
0,0.49495235085487366
1,0.5072280764579773
0,0.4955100119113922
0,0.49396055936813354
1,0.6939428448677063
1,0.5912407040596008
1,0.5922679901123047
1,0.6867912411689758
0,0.4849003255367279
1,0.5866603851318359
1,0.5577546954154968
1,0.659202516078949
1,0.5478414297103882
1,0.5136801600456238
1,0.5533475875854492
0,0.48413509130477905
1,0.5938703417778015
1,0.6655640602111816
1,0.5337507724761963
1,0.5161548852920532
1,0.513239860534668
0,0.48891112208366394
1,0.5163344740867615
0,0.5015242695808411
0,0.49575453996658325
1,0.5151160359382629
1,0.5186408758163452
0,0.49320846796035767
1,0.5790054202079773
0,0.49121809005737305
1,0.5161802768707275
1,0.586458146572113
1,0.5437659025192261
1,0.5060954093933105
0,0.49157509207725525
1,0.594058632850647
0,0.4951050877571106
0,0.49152305722236633
1,0.5869545936584473
0,0.5293042659759521
1,0.5882886648178101
0,0.4966644048690796
1,0.5172486901283264
1,0.5133135318756104
1,0.5458959341049194
1,0.5099954009056091
1,0.5047443509101868
1,0.5911523699760437
1,0.511400043964386
1,0.5901463031768799
0,0.49209630489349365
1,0.5151440501213074
0,0.48570892214775085
0,0.4903128147125244
1,0.5089102983474731
0,0.48667433857917786
1,0.5730374455451965
1,0.5318211913108826
1,0.5668054819107056
0,0.49134111404418945
0,0.49444594979286194
0,0.48874056339263916
0,0.4921199679374695
0,0.48585593700408936
0,0.4989098310470581
0,0.4906255602836609
0,0.4847712516784668
0,0.49336016178131104
1,0.52763432264328
1,0.515159547328949
0,0.4967103898525238
0,0.49166053533554077
1,0.5770775079727173
1,0.5907747745513916
0,0.49278029799461365
0,0.4950021207332611
1,0.5455189943313599
1,0.5402454733848572
1,0.5143123269081116
0,0.4988258183002472
1,0.5198187828063965
1,0.6569271683692932
0,0.4878561198711395
0,0.48523226380348206
1,0.5900619029998779
1,0.5023155212402344
1,0.5744968056678772
1,0.5159972906112671
1,0.5132609605789185
0,0.48372164368629456
1,0.580617368221283
1,0.5507134795188904
1,0.685536801815033
1,0.6532791256904602
1,0.5533363819122314
1,0.5914493203163147
1,0.5822153091430664
0,0.4965141713619232
1,0.5160936713218689
1,0.5151242017745972
0,0.5012419819831848
0,0.48410555720329285
1,0.5878811478614807
1,0.5130110383033752
1,0.5957589149475098
0,0.5009239912033081
1,0.5682765245437622
1,0.5166402459144592
1,0.5317169427871704
0,0.497390478849411
1,0.5114315152168274
1,0.587193489074707
0,0.4882315993309021
0,0.49060317873954773
1,0.5835558772087097
1,0.5101875066757202
1,0.542899489402771
1,0.5050285458564758
0,0.4930252730846405
0,0.4850209355354309
1,0.5368376970291138
0,0.4995812773704529
0,0.487521231174469
1,0.5063409209251404
1,0.5882946252822876
1,0.5573331713676453
1,0.5168030858039856
0,0.5005965232849121
0,0.49352139234542847
0,0.49278104305267334
1,0.5028766393661499
1,0.5875486731529236
0,0.4911552667617798
0,0.4885249137878418
1,0.5147770643234253
1,0.5927481651306152
1,0.5850965976715088
1,0.5808399319648743
0,0.4927299916744232
1,0.5107402801513672
0,0.4996480941772461
0,0.49276021122932434
1,0.6014675498008728
1,0.5939617156982422
1,0.5148698091506958
0,0.4973282217979431
0,0.48483598232269287
0,0.49713757634162903
1,0.5168574452400208
1,0.5111068487167358
1,0.5802029371261597
1,0.5884208083152771
1,0.5427621006965637
1,0.5824755430221558
0,0.4916521906852722
1,0.5442356467247009
0,0.49380388855934143
1,0.531294584274292
1,0.5323216915130615
1,0.5143159031867981
1,0.5841495394706726
1,0.573530912399292
1,0.5843388438224792
1,0.6952090859413147
1,0.5398648977279663
0,0.4875529706478119
0,0.4922836422920227
0,0.49265995621681213
0,0.48895227909088135
1,0.5234794616699219
1,0.5100753903388977
1,0.5078732371330261
1,0.5094332098960876
1,0.6796246767044067
1,0.644806444644928
1,0.564273476600647
1,0.5837634801864624
1,0.500389039516449
1,0.564434826374054
1,0.5135234594345093
0,0.5267153382301331
1,0.5127816200256348
1,0.5469591021537781
0,0.4845618009567261
0,0.5259087085723877
0,0.48384881019592285
0,0.5333900451660156
1,0.5131673216819763
0,0.4953446388244629
1,0.5696360468864441
1,0.5576738715171814
0,0.4923364818096161
0,0.5296555757522583
1,0.5116572976112366
1,0.5136681199073792
1,0.5243387222290039
1,0.5950812101364136
0,0.49672138690948486
1,0.5333102345466614
1,0.5088930726051331
1,0.568652331829071
1,0.5130589008331299
1,0.5815951228141785
1,0.5871655941009521
0,0.4933590590953827
1,0.5495177507400513
0,0.49641692638397217
1,0.5378707051277161
1,0.6716781854629517
1,0.6979818344116211
1,0.5860671997070312
1,0.5820081233978271
1,0.5064823031425476
1,0.5972554683685303
1,0.5115572214126587
1,0.507610023021698
0,0.488303005695343
0,0.499614417552948
1,0.5178222060203552
0,0.4993913471698761
1,0.5049229264259338
1,0.5934688448905945
1,0.5093616247177124
1,0.5249829888343811
1,0.5086163282394409
1,0.570676326751709
1,0.5069708228111267
1,0.5090070962905884
0,0.4902842044830322
0,0.49419254064559937
1,0.647921085357666
1,0.5138300657272339
1,0.6432934403419495
1,0.5850242972373962
0,0.4947658181190491
0,0.49853599071502686
1,0.5827396512031555
1,0.5222043991088867
0,0.4839370846748352
1,0.5248386859893799
1,0.5621552467346191
1,0.5795592069625854
0,0.4899487793445587
1,0.6670786738395691
1,0.535122811794281
1,0.5149997472763062
1,0.5197494626045227
1,0.517039954662323
1,0.5742467045783997
0,0.49168822169303894
1,0.577492356300354
1,0.5122922658920288
1,0.5569681525230408
1,0.594693124294281
0,0.48197251558303833
0,0.485678493976593
0,0.4833626449108124
1,0.5135706663131714
0,0.528434157371521
1,0.5112937688827515
0,0.4837605953216553
1,0.5205037593841553
1,0.5980073809623718
0,0.4914833903312683
1,0.5196943879127502
1,0.5862380266189575
0,0.49809736013412476
1,0.5199254155158997
1,0.5178810358047485
1,0.5110935568809509
1,0.5129565000534058
0,0.5286627411842346
0,0.49000251293182373
1,0.5353806614875793
0,0.484007328748703
0,0.4979669749736786
0,0.492805153131485
1,0.5362439155578613
0,0.4853030741214752
0,0.527171790599823
1,0.5144438743591309
0,0.49002712965011597
0,0.4918569326400757
1,0.5655580759048462
0,0.48566147685050964
1,0.5900436043739319
1,0.5455043315887451
0,0.4940365254878998
1,0.5405681729316711
0,0.5022833943367004
1,0.5377916693687439
0,0.4980369806289673
0,0.49373355507850647
1,0.5392079949378967
0,0.48782116174697876
0,0.5340827107429504
0,0.4908892512321472
0,0.49466001987457275
1,0.5090337991714478
1,0.5259148478507996
0,0.5364797711372375
1,0.5036599636077881
0,0.49584344029426575
1,0.5098704099655151
1,0.5829517245292664
1,0.5124306082725525
1,0.5750672817230225
1,0.5810293555259705
1,0.5139720439910889
1,0.5876808762550354
1,0.5704657435417175
0,0.5002853274345398
1,0.5142578482627869
0,0.4902854859828949
1,0.501896858215332
1,0.5631855130195618
0,0.49212411046028137
1,0.6894702315330505
1,0.4953550100326538
1,0.5108602046966553
1,0.5812999606132507
1,0.5055220723152161
1,0.5138711929321289
0,0.496412456035614
1,0.6077571511268616
1,0.5903663635253906
1,0.5694239735603333
0,0.4928690195083618
0,0.49787551164627075
1,0.5200037360191345
1,0.5103406310081482
1,0.6860789656639099
1,0.5021610260009766
0,0.4960198402404785
1,0.4959903359413147
1,0.5875917673110962
0,0.5023073554039001
1,0.5023363828659058
1,0.60084468126297
1,0.5156316757202148
0,0.4959801733493805
1,0.5398434996604919
1,0.5832094550132751
0,0.4931703805923462
1,0.5448675751686096
0,0.48934057354927063
0,0.490362286567688
1,0.6792517900466919
0,0.49507030844688416
1,0.5915084481239319
0,0.48454758524894714
0,0.4958307147026062
0,0.4988548755645752
1,0.5874249339103699
1,0.5138330459594727
1,0.5104411244392395
0,0.49475765228271484
1,0.5087538957595825
1,0.5058731436729431
1,0.5084652900695801
0,0.4935190677642822
1,0.5132684111595154
1,0.5108922719955444
0,0.4928813576698303
1,0.651687741279602
1,0.5066253542900085
1,0.509169340133667
0,0.5256231427192688
0,0.4947976768016815
1,0.5525795817375183
1,0.5126556754112244
1,0.526293158531189
0,0.4930430054664612
0,0.4922672510147095
1,0.513617753982544
1,0.5009781122207642
1,0.5226755738258362
1,0.5348333120346069
1,0.5025622844696045
1,0.6906918287277222
0,0.4843991696834564
1,0.5471360683441162
0,0.5253617167472839
0,0.48416566848754883
1,0.5310644507408142
0,0.4869939982891083
0,0.4961417615413666
1,0.5506805777549744
1,0.5119130611419678
0,0.5262044072151184
1,0.5150882005691528
0,0.4858664274215698
1,0.5618896484375
0,0.4904037415981293
1,0.5649797320365906
1,0.6649932265281677
1,0.642815887928009
0,0.4880065321922302
0,0.4929901361465454
0,0.48474958539009094
0,0.48703494668006897
0,0.49446940422058105
1,0.553088366985321
0,0.49209877848625183
1,0.5151970386505127
0,0.48203471302986145
1,0.5840349197387695
1,0.5088324546813965
1,0.6802123785018921
0,0.4960646629333496
1,0.5558412075042725
0,0.4931941330432892
0,0.484537273645401
0,0.49700021743774414
1,0.5630831718444824
1,0.508030891418457
1,0.5769331455230713
1,0.5822865962982178
0,0.4927489757537842
1,0.6083676815032959
1,0.5712916851043701
0,0.4947688579559326
1,0.5355659127235413
0,0.5315216779708862
0,0.4925810992717743
0,0.4883222281932831
1,0.5377027988433838
0,0.4978424906730652
0,0.4991040825843811
0,0.4870472550392151
1,0.5373587012290955
0,0.4844149053096771
0,0.49811556935310364
1,0.5351157188415527
1,0.6601355075836182
1,0.5280511975288391
1,0.5231244564056396
0,0.4900034964084625
1,0.5320447683334351
1,0.540088951587677
1,0.5031484961509705
1,0.6584615707397461
1,0.5175862312316895
1,0.5462989211082458
0,0.4887997806072235
1,0.6582130193710327
0,0.4848856031894684
1,0.539764404296875
0,0.4898856580257416
1,0.5805203318595886
0,0.49006590247154236
1,0.5685364007949829
0,0.49438226222991943
1,0.5156124234199524
1,0.5903056263923645
1,0.515533447265625
1,0.5370615124702454
0,0.5006112456321716
0,0.4987267553806305
0,0.49127089977264404
1,0.5896754264831543
0,0.48902615904808044
0,0.49865737557411194
1,0.6631237268447876
1,0.5744743943214417
1,0.5053791403770447
1,0.5760992169380188
0,0.5014566779136658
1,0.5325169563293457
1,0.5632618069648743
0,0.4913616180419922
1,0.506206214427948
1,0.5066035985946655
1,0.6036081314086914
1,0.6017183661460876
1,0.5495061874389648
0,0.5291265845298767
1,0.5774806141853333
1,0.5069321393966675
1,0.5514702200889587
0,0.4825423061847687
1,0.5016810297966003
0,0.48333820700645447
1,0.5018957853317261
1,0.6627339720726013
1,0.5179478526115417
1,0.5822938680648804
1,0.6451082229614258
0,0.4905027151107788
0,0.5179254412651062
1,0.6511982679367065
0,0.48447751998901367
1,0.5699506402015686
1,0.5293642282485962
1,0.5372216701507568
1,0.5425310134887695
0,0.48855236172676086
0,0.4898119270801544
1,0.5078032612800598
0,0.5227304100990295
1,0.58123379945755
1,0.5162709355354309
0,0.5249232053756714
0,0.4923451542854309
0,0.4924355447292328
0,0.4921082854270935
0,0.5384079217910767
1,0.5150980949401855
1,0.5916677117347717
1,0.586667001247406
1,0.5112395286560059
1,0.5800909996032715
0,0.48197561502456665
0,0.527421236038208
0,0.48912161588668823
0,0.49622949957847595
1,0.510172426700592
1,0.5671071410179138
0,0.4942817687988281
1,0.5171763896942139
1,0.5396597385406494
1,0.538473904132843
1,0.5760350227355957
0,0.49070292711257935
0,0.4986608326435089
0,0.4910213053226471
0,0.4906538128852844
1,0.508367121219635
1,0.5114260911941528
1,0.6769867539405823
0,0.4951379895210266
0,0.5333530306816101
1,0.6467121243476868
1,0.5724411606788635
0,0.5001516938209534
1,0.5153322219848633
1,0.6532528400421143
1,0.5956076979637146
1,0.6691491007804871
1,0.513536274433136
0,0.4869751036167145
1,0.5146676898002625
1,0.6680411100387573
1,0.5589092969894409
1,0.65304034948349
1,0.5111330151557922
1,0.5661379098892212
1,0.5118790864944458
1,0.5324338674545288
0,0.5010591149330139
0,0.5220084190368652
0,0.4845800995826721
0,0.49166804552078247
0,0.4939129054546356
1,0.5828976631164551
0,0.49878382682800293
0,0.4829305410385132
1,0.678823709487915
0,0.49573367834091187
1,0.5790058374404907
0,0.49670132994651794
1,0.5691195130348206
1,0.6054314970970154
1,0.5405526757240295
0,0.49119311571121216
1,0.5808301568031311
0,0.49031320214271545
1,0.5194988250732422
1,0.5766528844833374
0,0.4981960952281952
1,0.5131521224975586
0,0.5331094264984131
1,0.5826796889305115
1,0.5065209865570068
1,0.538618803024292
1,0.5172966718673706
1,0.5690317153930664
0,0.48384350538253784
0,0.4842532277107239
1,0.5101222395896912
0,0.49418437480926514
1,0.6012481451034546
0,0.48060342669487
1,0.5074967741966248
1,0.5275432467460632
0,0.49289780855178833
1,0.5126209259033203
0,0.5003242492675781
0,0.48439279198646545
0,0.49416545033454895
1,0.5501758456230164
1,0.5148401856422424
1,0.5884087681770325
0,0.49698641896247864
0,0.4946085810661316
0,0.492935448884964
1,0.5161014795303345
0,0.49107488989830017
1,0.5757372379302979
0,0.4863596558570862
0,0.49469631910324097
1,0.5180189609527588
1,0.5695109367370605
1,0.5581269860267639
1,0.6618052124977112
0,0.5004420876502991
0,0.5207918882369995
1,0.5227488875389099
1,0.5734589099884033
0,0.48514577746391296
0,0.489416241645813
0,0.5017869472503662
1,0.5158989429473877
1,0.5007501840591431
1,0.5952600240707397
1,0.5449508428573608
1,0.526639997959137
0,0.4958497881889343
0,0.48352301120758057
1,0.6759965419769287
0,0.4877172112464905
1,0.5111818313598633
0,0.49759477376937866
1,0.529244601726532
1,0.5128149390220642
0,0.4964393675327301
1,0.5087659358978271
0,0.4895669221878052
1,0.5494354367256165
0,0.49227821826934814
1,0.5146099328994751
1,0.5147587656974792
1,0.5866809487342834
1,0.6042394638061523
1,0.5327907800674438
0,0.49598875641822815
0,0.4948961138725281
1,0.544428288936615
1,0.5888457298278809
1,0.5139352679252625
0,0.49468913674354553
1,0.5182969570159912
1,0.5587305426597595
1,0.5172847509384155
0,0.49959179759025574
1,0.5650398135185242
1,0.5816231369972229
1,0.5149736404418945
1,0.550136923789978
1,0.5111255049705505
0,0.5020487904548645
0,0.49046802520751953
1,0.6738281846046448
1,0.5053425431251526
1,0.5669954419136047
1,0.5154287815093994
0,0.4993920624256134
1,0.5884696841239929
1,0.5396112203598022
1,0.5480420589447021
0,0.4944087862968445
1,0.5852566957473755
0,0.5303065776824951
1,0.505551815032959
1,0.5119681358337402
0,0.49348294734954834
1,0.574988603591919
1,0.5919682383537292
0,0.48013755679130554
1,0.5152420997619629
0,0.48595914244651794
1,0.5155521035194397
0,0.5251085758209229
0,0.5315074920654297
1,0.5956695675849915
1,0.5152759552001953
1,0.5137483477592468
1,0.5044153332710266
0,0.48387667536735535
1,0.5499567985534668
1,0.5130427479743958
1,0.5144535303115845
1,0.5809339880943298
0,0.49879661202430725
1,0.6038219332695007
0,0.48469048738479614
1,0.5656382441520691
0,0.5178747177124023
1,0.5212877988815308
1,0.5223209261894226
1,0.6397748589515686
1,0.5094084739685059
1,0.5154543519020081
0,0.495638906955719
0,0.5240076780319214
1,0.5094862580299377
0,0.49997901916503906
1,0.5084350109100342
0,0.4919433295726776
0,0.4939868450164795
1,0.5341527462005615
1,0.5319156646728516
1,0.5252695679664612
0,0.49142181873321533
1,0.5848824977874756
0,0.4871101677417755
1,0.5115119218826294
1,0.5743820667266846
0,0.495218425989151
1,0.512301504611969
1,0.5207616090774536
0,0.49447837471961975
1,0.5918596386909485
1,0.5868277549743652
1,0.6722304821014404
1,0.6014975309371948
0,0.4840996265411377
1,0.5581184029579163
1,0.511734664440155
0,0.4985869526863098
0,0.4854130744934082
1,0.5304509997367859
1,0.5527898073196411
1,0.6794571876525879
1,0.5797568559646606
0,0.48560506105422974
1,0.5153501033782959
1,0.5132333040237427
1,0.5058043599128723
1,0.582694947719574
1,0.5783224701881409
1,0.5878520011901855
1,0.5584065318107605
1,0.5133189558982849
1,0.5500003099441528
0,0.4999077618122101
1,0.5377702116966248
0,0.49141180515289307
1,0.5200872421264648
0,0.4926338195800781
0,0.5328423976898193
1,0.5071128010749817
1,0.6567943692207336
1,0.5830352306365967
0,0.4923360049724579
1,0.5808654427528381
0,0.5301530361175537
1,0.5092705488204956
1,0.575612485408783
0,0.48943930864334106
1,0.5949819087982178
0,0.4937070310115814
1,0.5520221590995789
1,0.5898839235305786
1,0.5100516676902771
1,0.524610698223114
0,0.4946073591709137
1,0.5072173476219177
1,0.5175828337669373
1,0.5829078555107117
1,0.5357123613357544
1,0.5155360102653503
1,0.5086376667022705
0,0.4934825897216797
1,0.5145581364631653
1,0.5946646332740784
1,0.5068413615226746
1,0.6793145537376404
1,0.5087361931800842
1,0.5222618579864502
1,0.5154501795768738
1,0.6047570109367371
0,0.4819018542766571
1,0.5022616982460022
0,0.5297256112098694
0,0.4951496720314026
0,0.48555558919906616
0,0.4913414716720581
0,0.49182024598121643
1,0.5185225605964661
1,0.5248574018478394
1,0.556106448173523
1,0.5184714794158936
1,0.5586525201797485
0,0.4982902705669403
1,0.5754722952842712
1,0.5099498629570007
1,0.5811249613761902
1,0.523135781288147
0,0.4881718158721924
1,0.5122965574264526
1,0.5909069776535034
0,0.4989608824253082
1,0.603043258190155
1,0.5936406850814819
1,0.5192937850952148
1,0.5213744044303894
0,0.49325549602508545
1,0.5777542591094971
1,0.5114259123802185
1,0.5405960083007812
0,0.4985816776752472
0,0.4889995753765106
0,0.528642475605011
1,0.5153261423110962
0,0.4935755133628845
1,0.5195801854133606
1,0.5704062581062317
1,0.5074934959411621
1,0.516152024269104
0,0.4822940528392792
1,0.5134338736534119
1,0.593906819820404
1,0.5825772285461426
1,0.5690240263938904
0,0.48476868867874146
1,0.49056243896484375
0,0.4840121865272522
1,0.5214791297912598
1,0.513698935508728
1,0.5130423307418823
1,0.5943523645401001
1,0.5892109870910645
1,0.5119961500167847
1,0.593543529510498
1,0.5131207704544067
1,0.5690889358520508
0,0.5198256969451904
1,0.575622022151947
1,0.5122142434120178
1,0.5462178587913513
0,0.48254451155662537
0,0.49111559987068176
0,0.489082396030426
1,0.5137152075767517
0,0.4932997226715088
1,0.5792956352233887
1,0.5103845596313477
0,0.534912109375
1,0.5122111439704895
0,0.493217796087265
1,0.5134650468826294
0,0.4932831823825836
1,0.5143223404884338
1,0.5136513113975525
1,0.5921650528907776
1,0.5557717680931091
0,0.5302684903144836
1,0.5751630067825317
1,0.5811214447021484
1,0.5739704370498657
1,0.5754987597465515
0,0.49509549140930176
0,0.4886753559112549
0,0.4841417670249939
1,0.5817510485649109
1,0.5558250546455383
1,0.5211926102638245
1,0.5165855288505554
1,0.5967825055122375
1,0.6766535639762878
0,0.4850359857082367
1,0.5761557817459106
1,0.5284234881401062
0,0.4875515401363373
1,0.5426514744758606
1,0.5591747760772705
1,0.5199946761131287
1,0.5547894239425659
0,0.49234524369239807
1,0.520605206489563
0,0.4841216504573822
1,0.5355830192565918
0,0.4979110360145569
1,0.5388208627700806
0,0.48661354184150696
0,0.492269903421402
0,0.5285882949829102
0,0.49177560210227966
0,0.49243301153182983
1,0.5096889734268188
1,0.5999839901924133
0,0.4920266270637512
0,0.494937002658844
1,0.581487238407135
1,0.6807927489280701
1,0.5442354083061218
1,0.5088736414909363
0,0.4930354654788971
1,0.5166047811508179
0,0.49478402733802795
1,0.5947349071502686
0,0.4932969808578491
1,0.5177691578865051
1,0.5085139870643616
0,0.4854855537414551
1,0.5749602317810059
1,0.5188254117965698
0,0.48880383372306824
1,0.5156139731407166
1,0.5844432711601257
0,0.497065007686615
0,0.48530271649360657
1,0.5109133124351501
1,0.5146351456642151
0,0.495770663022995
0,0.4964431822299957
0,0.4982176423072815
0,0.4933827519416809
1,0.5596518516540527
1,0.5788368582725525
1,0.5188562870025635
0,0.495802640914917
0,0.4865679144859314
1,0.51789391040802
0,0.48245498538017273
0,0.4927433133125305
0,0.49083542823791504
1,0.6105086803436279
0,0.48964396119117737
1,0.6674324870109558
1,0.5826190114021301
1,0.5744296908378601
1,0.574155867099762
0,0.483696311712265
1,0.5789697170257568
1,0.5513198971748352
1,0.5899310111999512
1,0.5492854714393616
1,0.5392616987228394
1,0.5161044001579285
1,0.517548680305481
1,0.5166787505149841
1,0.5164273381233215
0,0.4977288842201233
1,0.658983588218689
1,0.564009428024292
1,0.5172496438026428
1,0.5117549896240234
1,0.5914832949638367
1,0.5704434514045715
1,0.5841760635375977
1,0.5130281448364258
1,0.5056338906288147
1,0.5877586603164673
0,0.4928571581840515
0,0.48296114802360535
1,0.5031267404556274
0,0.49584081768989563
0,0.541975200176239
0,0.4875306189060211
1,0.6793071627616882
1,0.5146554708480835
1,0.5113309621810913
0,0.4967985153198242
0,0.4969434440135956
0,0.4920496344566345
1,0.6001115441322327
0,0.49013784527778625
1,0.517420768737793
1,0.5901564955711365
1,0.518869161605835
1,0.5687320828437805
1,0.6793379783630371
1,0.511938214302063
1,0.5079023241996765
0,0.4823978841304779
1,0.5850505232810974
0,0.4884984791278839
0,0.5412217974662781
1,0.5833612084388733
1,0.5866840481758118
1,0.553939700126648
1,0.5875059366226196
1,0.509116530418396
0,0.49175918102264404
1,0.5900561809539795
0,0.4829108715057373
1,0.5851516723632812
1,0.5887984037399292
0,0.4829172194004059
1,0.5801427364349365
1,0.5381200313568115
0,0.49090325832366943
1,0.5142510533332825
0,0.4839639365673065
1,0.6925871968269348
0,0.4810338020324707
1,0.5097550749778748
1,0.5155619382858276
0,0.5025380849838257
0,0.4815399944782257
1,0.5116674900054932
0,0.48288774490356445
0,0.4843573272228241
0,0.49461913108825684
1,0.6041447520256042
0,0.531284511089325
0,0.49492543935775757
0,0.482937216758728
1,0.5179290771484375
1,0.5775514841079712
0,0.49056920409202576
1,0.5966734886169434
0,0.4930208623409271
1,0.6633173227310181
0,0.4936274290084839
1,0.5816736817359924
1,0.5891036987304688
0,0.4875258803367615
1,0.5089594721794128
1,0.5139440894126892
1,0.5167495012283325
1,0.5955338478088379
0,0.48781833052635193
1,0.539512038230896
0,0.48256632685661316
1,0.5116592645645142
0,0.49950742721557617
1,0.578452467918396
0,0.4980749487876892
1,0.5530785322189331
1,0.5875595808029175
1,0.5867740511894226
1,0.5359558463096619
1,0.5480883717536926
1,0.5282578468322754
0,0.5292444825172424
0,0.494922935962677
1,0.5033414959907532
0,0.49051791429519653
0,0.4978359341621399
1,0.5735431909561157
1,0.5177167057991028
1,0.5074523687362671
0,0.48899513483047485
1,0.5798423886299133
1,0.5529546141624451
1,0.587415874004364
1,0.5122638940811157
1,0.5435256958007812
0,0.4937747120857239
1,0.5433639287948608
1,0.5598457455635071
1,0.5402452349662781
1,0.503591001033783
0,0.4895501434803009
1,0.5115651488304138
0,0.4946190118789673
0,0.49170827865600586
0,0.4918975234031677
0,0.4894663393497467
0,0.49509796500205994
0,0.536854088306427
1,0.5206559300422668
1,0.5116915106773376
0,0.4977366030216217
1,0.5174418687820435
0,0.48054152727127075
1,0.513335108757019
0,0.49242445826530457
1,0.5921229124069214
1,0.5175622701644897
1,0.5458853244781494
0,0.48639988899230957
1,0.5592904090881348
0,0.4953402578830719
1,0.6545103192329407
0,0.49199095368385315
1,0.5097644925117493
0,0.4897429943084717
1,0.5104844570159912
1,0.6822970509529114
1,0.5148524641990662
1,0.5153349041938782
0,0.4834243357181549
0,0.4889633357524872
1,0.5022283792495728
1,0.513420820236206
1,0.5112500190734863
1,0.65861576795578
0,0.4935125708580017
0,0.4932501018047333
0,0.4833984673023224
0,0.4953548312187195
1,0.509162962436676
0,0.4915089011192322
0,0.4849611520767212
1,0.5129879117012024
0,0.4928951859474182
0,0.49497660994529724
1,0.5891385674476624
0,0.4992552101612091
0,0.4834572672843933
1,0.5327854156494141
0,0.4890478253364563
0,0.4911649525165558
1,0.5830145478248596
1,0.5157804489135742
1,0.5153038501739502
1,0.5352194905281067
0,0.49676433205604553
0,0.4866316020488739
1,0.690981924533844
0,0.49511754512786865
1,0.5491313934326172
1,0.5921297669410706
1,0.6154218316078186
1,0.5126133561134338
1,0.5117542743682861
1,0.5130313038825989
1,0.5147973299026489
0,0.49168774485588074
1,0.5163533091545105
1,0.517517626285553
1,0.5526207089424133
1,0.5898041725158691
1,0.5147837400436401
0,0.48392361402511597
1,0.6396440267562866
0,0.48536416888237
0,0.4920237362384796
1,0.517856240272522
1,0.6852585673332214
1,0.5593066215515137
0,0.4919620454311371
0,0.4903840720653534
1,0.5088123679161072
1,0.5203449130058289
1,0.528371274471283
1,0.5554576516151428
0,0.4851323664188385
1,0.5134171843528748
0,0.4930399954319
1,0.5159128904342651
1,0.6075522899627686
1,0.551530659198761
1,0.5160542130470276
0,0.4917842447757721
1,0.5481947064399719
1,0.5168089270591736
0,0.49016258120536804
1,0.5453174710273743
1,0.5836116671562195
1,0.5268800258636475
1,0.5680679082870483
0,0.486632376909256
1,0.512144148349762
1,0.5757300853729248
0,0.48054221272468567
1,0.5283085107803345
1,0.6565238833427429
1,0.5777274370193481
1,0.5322062373161316
1,0.5456554293632507
0,0.4948013126850128
0,0.48502424359321594
1,0.58152836561203
0,0.4913865923881531
0,0.49094533920288086
1,0.583501935005188
0,0.48610010743141174
0,0.4850611090660095
0,0.4863431453704834
0,0.539359450340271
0,0.49246513843536377
1,0.5160115957260132
1,0.5050233602523804
1,0.5096282362937927
0,0.4880087077617645
0,0.49240052700042725
0,0.49703559279441833
0,0.4998864233493805
1,0.5075272917747498
1,0.5670150518417358
1,0.5127087235450745
1,0.513114869594574
1,0.6713857054710388
1,0.5127425789833069
1,0.5111416578292847
0,0.49461692571640015
0,0.4875887632369995
0,0.4845584034919739
0,0.49946829676628113
1,0.5492026209831238
0,0.4883759021759033
1,0.5162283182144165
0,0.4949887990951538
1,0.5868292450904846
0,0.49046531319618225
1,0.5066851377487183
1,0.5848339200019836
1,0.5121856331825256
1,0.5866600871086121
1,0.6685428023338318
0,0.4927224814891815
1,0.5141464471817017
0,0.48260170221328735
1,0.5095394253730774
1,0.5102316737174988
1,0.5863252282142639
1,0.5358265042304993
0,0.4850202202796936
1,0.5094113945960999
1,0.5244396924972534
0,0.4916526973247528
1,0.5153886079788208
1,0.5770210027694702
0,0.4869783818721771
1,0.5056899189949036
0,0.4933058023452759
0,0.48359671235084534
1,0.6007322669029236
1,0.5120570659637451
1,0.5377669334411621
1,0.5568495988845825
1,0.5474867820739746
0,0.4914286136627197
1,0.6762363910675049
0,0.4907552897930145
0,0.48908284306526184
1,0.5118355751037598
0,0.4942684769630432
0,0.49293631315231323
0,0.5297659039497375
0,0.49320632219314575
1,0.5464501976966858
0,0.4847922623157501
0,0.49307510256767273
1,0.5775701403617859
1,0.5143713355064392
0,0.49189794063568115
1,0.5578135848045349
1,0.513167142868042
1,0.5080773234367371
1,0.5105001926422119
0,0.4971984028816223
1,0.5217211842536926
0,0.49527573585510254
1,0.5518664717674255
0,0.49647602438926697
0,0.4859345257282257
1,0.6686028838157654
0,0.48274457454681396
0,0.48009419441223145
1,0.5359514951705933
1,0.5550687313079834
1,0.6666625738143921
0,0.5018630623817444
1,0.5274019837379456
1,0.5709814429283142
0,0.49898484349250793
1,0.5845215916633606
1,0.512881875038147
1,0.5120899677276611
1,0.5281459093093872
0,0.49547693133354187
1,0.5404079556465149
1,0.5203881859779358
0,0.4881938695907593
1,0.5085349082946777
1,0.5910959839820862
1,0.5396645665168762
1,0.5647673010826111
1,0.5122716426849365
0,0.4983670115470886
1,0.5196948647499084
0,0.484880656003952
0,0.4940555691719055
0,0.49129921197891235
1,0.5820745229721069
1,0.5392170548439026
0,0.48384732007980347
1,0.5157972574234009
1,0.5156024694442749
0,0.5320959687232971
0,0.4946651756763458
1,0.5834060907363892
0,0.5282959938049316
1,0.5084317326545715
0,0.4988662600517273
1,0.5067386627197266
1,0.529288113117218
1,0.5136792063713074
1,0.4899836778640747
0,0.5185448527336121
0,0.5238601565361023
0,0.4977222681045532
0,0.49407854676246643
0,0.49338623881340027
1,0.5107032656669617
1,0.5214579105377197
1,0.519870936870575
0,0.5282904505729675
0,0.49475541710853577
1,0.5522361993789673
1,0.5069862008094788
0,0.5007197260856628
1,0.5193303227424622
1,0.5195982456207275
0,0.5345484018325806
1,0.5825905799865723
1,0.5106313824653625
0,0.48132577538490295
0,0.5363978743553162
1,0.6099451184272766
1,0.5089713335037231
1,0.5118473172187805
1,0.6465339064598083
1,0.5345277786254883
1,0.555566132068634
1,0.5354543924331665
0,0.4931480288505554
1,0.5104942321777344
1,0.5076999664306641
1,0.6576929688453674
1,0.5099530220031738
1,0.5917803645133972
0,0.490398645401001
1,0.5143438577651978
0,0.48097357153892517
0,0.4942803680896759
1,0.5884112119674683
1,0.5776640176773071
0,0.4831480085849762
0,0.4972709119319916
1,0.5185928344726562
0,0.5368540287017822
0,0.4857349693775177
0,0.4930471181869507
1,0.5815709829330444
1,0.5566194653511047
1,0.5624033212661743
1,0.5126810073852539
1,0.5781163573265076
0,0.48894229531288147
1,0.5139541029930115
1,0.5204417109489441
0,0.49330800771713257
0,0.4965860843658447
1,0.6784136891365051
0,0.49394509196281433
0,0.5211105346679688
1,0.5137823224067688
1,0.5734745860099792
0,0.4948188066482544
0,0.49030789732933044
0,0.4833535850048065
1,0.5166251063346863
1,0.543146014213562
1,0.5147109627723694
1,0.5203371047973633
1,0.5399341583251953
0,0.534186065196991
1,0.5148032307624817
0,0.5228079557418823
0,0.5189527869224548
0,0.4928366541862488
1,0.585790753364563
1,0.5154321789741516
0,0.5234940052032471
1,0.5440353751182556
1,0.6831287741661072
1,0.5494394898414612
0,0.48869985342025757
0,0.48716506361961365
0,0.49186939001083374
1,0.567969560623169
1,0.503969669342041
0,0.49213266372680664
1,0.5067800879478455
0,0.4949062168598175
0,0.4967668056488037
0,0.4823994040489197
1,0.5654169321060181
1,0.5400211215019226
1,0.5349301695823669
0,0.4920520782470703
1,0.6777290105819702
1,0.5721313953399658
0,0.48244160413742065
1,0.5120712518692017
1,0.5099853873252869
1,0.5892549157142639
1,0.5261054039001465
1,0.5882607698440552
1,0.5333300232887268
1,0.5414313673973083
0,0.4800609350204468
0,0.49420756101608276
0,0.4925004243850708
1,0.5549263954162598
0,0.5261988639831543
0,0.5342152714729309
1,0.5234935283660889
1,0.5946547389030457
1,0.5711492300033569
1,0.5029228329658508
0,0.49220943450927734
0,0.49298378825187683
0,0.4972737431526184
0,0.48509857058525085
0,0.5448699593544006
0,0.49413546919822693
1,0.5536218881607056
1,0.5497144460678101
1,0.5566336512565613
1,0.5043745040893555
0,0.4805411696434021
0,0.4896894097328186
1,0.5552941560745239
1,0.5842527747154236
1,0.5865165591239929
0,0.48882144689559937
0,0.4955677390098572
0,0.49442094564437866
1,0.5816607475280762
1,0.5254558324813843
1,0.5789252519607544
1,0.5171862840652466
1,0.5098754167556763
1,0.5100623965263367
1,0.5149807929992676
0,0.48386114835739136
0,0.49242329597473145
1,0.5764070749282837
1,0.5877402424812317
1,0.5529978275299072
1,0.5642265677452087
1,0.5702596306800842
0,0.4972400665283203
1,0.5046096444129944
1,0.5126076340675354
1,0.5264587998390198
1,0.6736245155334473
0,0.526362419128418
0,0.5442308783531189
1,0.5719420313835144
0,0.5285124182701111
1,0.5187782645225525
0,0.4974328577518463
0,0.4838343560695648
1,0.5883374214172363
1,0.5012831687927246
0,0.4926542341709137
0,0.5312939286231995
1,0.5133246779441833
1,0.5137333869934082
1,0.5737120509147644
0,0.48787400126457214
1,0.5044910311698914
1,0.5736568570137024
0,0.48456135392189026
1,0.5156689286231995
0,0.4863564074039459
1,0.5909698605537415
0,0.4921673834323883
1,0.5129594206809998
0,0.49553847312927246
1,0.5628213286399841
0,0.49229496717453003
1,0.5284428000450134
1,0.5343392491340637
0,0.4979056119918823
1,0.573896050453186
1,0.514691174030304
1,0.5376558303833008
1,0.5105621814727783
0,0.4897593557834625
0,0.49764153361320496
1,0.5060861706733704
1,0.5112784504890442
1,0.5980399250984192
1,0.4998404383659363
0,0.4962356686592102
1,0.5166498422622681
0,0.4916437268257141
1,0.5794110894203186
1,0.5186512470245361
1,0.511807382106781
0,0.48341184854507446
1,0.5884909629821777
1,0.5167003870010376
1,0.5853661894798279
0,0.5395001769065857
1,0.5921623110771179
1,0.5716693997383118
1,0.5892045497894287
0,0.5041330456733704
1,0.5092102289199829
1,0.5266558527946472
1,0.5158765316009521
0,0.49673333764076233
1,0.506991446018219
1,0.5865183472633362
0,0.5268806219100952
1,0.5327747464179993
1,0.5089790225028992
1,0.5166869163513184
1,0.6077147126197815
0,0.49458473920822144
1,0.5171841979026794
1,0.5164217352867126
0,0.49419301748275757
0,0.49130699038505554
1,0.5090582370758057
0,0.4933798015117645
1,0.6755362153053284
0,0.5382964611053467
0,0.48997700214385986
1,0.5606955289840698
0,0.4918828308582306
1,0.5066832900047302
0,0.4974737763404846
1,0.5217621326446533
0,0.48808640241622925
1,0.596177875995636
1,0.5354425311088562
0,0.49258995056152344
0,0.49517184495925903
1,0.5797768235206604
1,0.5154553651809692
0,0.4952012896537781
1,0.5392438173294067
1,0.5907095670700073
1,0.5401439070701599
1,0.541450560092926
0,0.48194485902786255
0,0.49763810634613037
0,0.5352668762207031
1,0.5159703493118286
1,0.5167577266693115
1,0.5790161490440369
1,0.539050281047821
1,0.5070139765739441
0,0.49575528502464294
0,0.4849090278148651
0,0.49422362446784973
1,0.511914074420929
0,0.4978685975074768
1,0.5374799966812134
0,0.4871852993965149
1,0.6632375121116638
1,0.5522611141204834
0,0.49230989813804626
0,0.49442586302757263
1,0.5140151977539062
0,0.497560054063797
1,0.7053719758987427
1,0.5136111974716187
0,0.5218637585639954
1,0.5210376977920532
0,0.5264295935630798
0,0.485442191362381
1,0.6639617085456848
1,0.5138953924179077
1,0.5843936800956726
0,0.5268462896347046
0,0.4838598072528839
1,0.5099806189537048
1,0.5084761381149292
1,0.5179612040519714
0,0.5242860913276672
1,0.5034880638122559
0,0.486748605966568
1,0.49674710631370544
0,0.48898443579673767
1,0.5204725861549377
1,0.5889514088630676
1,0.5910736918449402
1,0.5162241458892822
1,0.5862417221069336
0,0.5376469492912292
1,0.5802175402641296
0,0.4942927658557892
1,0.5596269965171814
0,0.492013156414032
1,0.581967830657959
0,0.49066999554634094
0,0.4882924258708954
0,0.4954354465007782
1,0.5427209138870239
1,0.5803729295730591
1,0.5171361565589905
0,0.49518778920173645
0,0.48487892746925354
0,0.48385992646217346
1,0.5082259178161621
0,0.5246421098709106
0,0.4859837293624878
1,0.5631346702575684
0,0.4886690378189087
0,0.4915844798088074
1,0.5912882089614868
0,0.49233976006507874
0,0.4965124726295471
0,0.5274407863616943
1,0.5087366700172424
0,0.494755357503891
1,0.5509288311004639
1,0.5160415768623352
1,0.5165687799453735
1,0.5089878439903259
1,0.522517740726471
1,0.6702385544776917
0,0.5311937928199768
1,0.5090784430503845
0,0.534616231918335
0,0.49535199999809265
1,0.514731764793396
1,0.5493913292884827
1,0.563170850276947
1,0.7067869901657104
1,0.5102816820144653
1,0.5800743103027344
0,0.4961913526058197
1,0.5297948718070984
1,0.5969955921173096
1,0.5912547707557678
1,0.514438271522522
0,0.49740371108055115
0,0.49062854051589966
1,0.5477726459503174
0,0.4870300889015198
1,0.5546786189079285
1,0.5042274594306946
0,0.5289764404296875
0,0.49025028944015503
1,0.5096195340156555
1,0.5106704831123352
0,0.4838336408138275
0,0.4877369999885559
1,0.5776771306991577
0,0.48994797468185425
0,0.492095947265625
1,0.5670514106750488
1,0.505214512348175
0,0.4936901926994324
0,0.4932788908481598
1,0.49970895051956177
0,0.495612770318985
1,0.519147515296936
0,0.49114763736724854
1,0.5764520764350891
1,0.565034031867981
1,0.5102884769439697
0,0.48339608311653137
1,0.5181559324264526
1,0.5814470648765564
0,0.4929139018058777
0,0.4944421052932739
1,0.5830815434455872
1,0.5039140582084656
1,0.5127526521682739
1,0.5488967895507812
1,0.5858644247055054
0,0.4945124089717865
0,0.49186810851097107
1,0.5389806628227234
1,0.5012972950935364
1,0.5690941214561462
1,0.5446698665618896
1,0.5146907567977905
1,0.5160002112388611
1,0.5853806138038635
0,0.5348753333091736
0,0.4857929050922394
1,0.5808302164077759
0,0.49848493933677673
1,0.5032917857170105
0,0.48436081409454346
0,0.5220428109169006
0,0.5286227464675903
1,0.5153642892837524
1,0.5008317828178406
1,0.5127754807472229
0,0.48502492904663086
1,0.5381767749786377
0,0.49331626296043396
0,0.4922749996185303
0,0.49606946110725403
1,0.5776304602622986
0,0.5455789566040039
0,0.4905264675617218
0,0.5362641215324402
1,0.5144559741020203
0,0.4952627420425415
1,0.652773916721344
1,0.5166221261024475
1,0.5856890678405762
0,0.48699915409088135
0,0.4833967387676239
1,0.5080529451370239
1,0.5554015040397644
0,0.4959235191345215
1,0.5443953275680542
1,0.5188289284706116
1,0.5853699445724487
1,0.5143453478813171
1,0.5831223726272583
1,0.6307552456855774
1,0.5143089890480042
0,0.5287190079689026
1,0.5176288485527039
1,0.6009579300880432
1,0.5831586122512817
0,0.4887227416038513
1,0.5802648067474365
1,0.5183917284011841
0,0.4861069619655609
1,0.5649810433387756
0,0.4857091009616852
1,0.6500298976898193
1,0.5385863184928894
1,0.5113941431045532
0,0.49296140670776367
1,0.6672644019126892
0,0.49532070755958557
1,0.6769151091575623
1,0.5750522017478943
1,0.5925617218017578
1,0.5777714252471924
1,0.5661343336105347
0,0.49706098437309265
1,0.5416107177734375
0,0.4860708713531494
1,0.5117959976196289
0,0.49256178736686707
1,0.5798635482788086
0,0.4800509512424469
1,0.5736722946166992
1,0.5702434778213501
1,0.510757327079773
0,0.4931039810180664
0,0.48899707198143005
1,0.566321611404419
1,0.6020331978797913
0,0.4828360378742218
0,0.4937512278556824
1,0.5971482396125793
1,0.6391876339912415
1,0.5297563672065735
1,0.5254167914390564
1,0.6916593313217163
1,0.588358998298645
0,0.4874096214771271
1,0.507337749004364
1,0.5171762108802795
1,0.5724679827690125
1,0.5187230110168457
0,0.4968908727169037
1,0.5143243074417114
0,0.5335688591003418
0,0.5295315384864807
1,0.5891094207763672
1,0.5839547514915466
0,0.48254457116127014
1,0.5142201781272888
0,0.5322688221931458
0,0.4930363893508911
1,0.520489513874054
0,0.4909660816192627
1,0.5188132524490356
1,0.5834237337112427
0,0.49076977372169495
1,0.5394406318664551
0,0.48971647024154663
1,0.5231192708015442
1,0.5159685015678406
1,0.603675127029419
1,0.5347421169281006
1,0.5439766645431519
0,0.5341582298278809
0,0.48341256380081177
0,0.4941957890987396
0,0.5372902154922485
1,0.5116026997566223
0,0.4989383816719055
0,0.49703630805015564
1,0.5918172001838684
1,0.6755051612854004
1,0.5157132744789124
1,0.5044271945953369
1,0.5964068174362183
1,0.534194827079773
1,0.6311943531036377
0,0.49492427706718445
1,0.5184913873672485
1,0.581878125667572
1,0.5903170108795166
1,0.5093841552734375
0,0.48246875405311584
1,0.586667537689209
0,0.4874809980392456
0,0.4910546541213989
1,0.5086504220962524
1,0.5740033984184265
1,0.5842554569244385
0,0.4852718412876129
0,0.4791027009487152
1,0.5153627395629883
1,0.5471392273902893
1,0.5704211592674255
1,0.5170547962188721
1,0.5468069911003113
0,0.4872172176837921
1,0.5191255211830139
1,0.5044582486152649
0,0.49404236674308777
1,0.516796886920929
1,0.5893794298171997
1,0.508935272693634
1,0.5229455828666687
1,0.6685518622398376
0,0.49332159757614136
1,0.512402355670929
1,0.584368884563446
0,0.4912409782409668
1,0.5205888748168945
1,0.5855419039726257
1,0.5260918736457825
1,0.5512330532073975
1,0.6827501654624939
1,0.5401914119720459
1,0.512123703956604
1,0.5111421942710876
1,0.5549220442771912
0,0.4865240156650543
0,0.4944773316383362
1,0.5904268026351929
1,0.5025085806846619
0,0.495607852935791
1,0.5058420896530151
1,0.5663411617279053
0,0.4853220283985138
0,0.48191967606544495
1,0.5904051065444946
1,0.5135566592216492
1,0.5653600096702576
1,0.5919811129570007
0,0.4936021864414215
0,0.49381354451179504
0,0.49029120802879333
0,0.48572686314582825
1,0.5915358066558838
1,0.5190950036048889
1,0.5784353017807007
1,0.5544022917747498
0,0.48525774478912354
0,0.4850930869579315
1,0.6719065308570862
1,0.57267826795578
0,0.4960424602031708
0,0.4993969798088074
1,0.5250066518783569
1,0.5157402753829956
1,0.5077128410339355
0,0.4883786141872406
1,0.518928050994873
0,0.49346330761909485
1,0.5076034069061279
1,0.5217036008834839
1,0.5898457169532776
0,0.4938484728336334
1,0.5044161081314087
1,0.5745317339897156
1,0.5525741577148438
1,0.5150662064552307
1,0.5874980092048645
1,0.508114218711853
0,0.5193633437156677
0,0.4926862418651581
0,0.5244880318641663
1,0.5815037488937378
1,0.5176252722740173
0,0.49116748571395874
1,0.5902113914489746
1,0.5226498246192932
0,0.4939180910587311
1,0.5735878348350525
1,0.5172950029373169
1,0.5870845913887024
0,0.49382469058036804
1,0.588253915309906
1,0.576283872127533
1,0.5139727592468262
0,0.49590229988098145
1,0.5997995138168335
1,0.6681656241416931
1,0.5035585761070251
1,0.5343328714370728
1,0.5041597485542297
0,0.4979332685470581
1,0.5319794416427612
0,0.4914902448654175
1,0.507495105266571
0,0.49267083406448364
1,0.5787021517753601
1,0.5064021348953247
0,0.4975718855857849
0,0.49197739362716675
1,0.5184155702590942
1,0.5535306334495544
1,0.5076619386672974
1,0.5969544649124146
0,0.48672986030578613
0,0.49191969633102417
1,0.5786486268043518
1,0.5114977955818176
0,0.48614516854286194
1,0.5174737572669983
1,0.5646390318870544
0,0.48244595527648926
1,0.6747363209724426
1,0.5848656296730042
1,0.5329324007034302
1,0.5277702212333679
1,0.5351284146308899
0,0.48870548605918884
1,0.5215085744857788
0,0.4837842583656311
1,0.5118880271911621
1,0.5648322701454163
0,0.48590874671936035
0,0.4963088929653168
0,0.5013008713722229
1,0.5508403182029724
1,0.6602897047996521
1,0.5084975957870483
1,0.5849296450614929
1,0.510158896446228
1,0.5691850781440735
0,0.49410486221313477
1,0.5936472415924072
0,0.49235090613365173
0,0.48895227909088135
1,0.6641059517860413
1,0.5131969451904297
0,0.4986419677734375
1,0.5865186452865601
0,0.49150925874710083
1,0.576222836971283
1,0.599947452545166
1,0.5124303698539734
0,0.49073272943496704
1,0.5373560786247253
1,0.5138938426971436
1,0.496349960565567
1,0.5780041813850403
1,0.5908558368682861
1,0.5943610072135925
1,0.540417492389679
0,0.4932503402233124
1,0.5115019679069519
1,0.5147072672843933
1,0.5365930199623108
0,0.49163761734962463
0,0.49400943517684937
0,0.4935758113861084
0,0.49517354369163513
1,0.5940923690795898
1,0.6799596548080444
0,0.493483304977417
0,0.5162511467933655
1,0.5152988433837891
1,0.5393967628479004
1,0.5925594568252563
0,0.4918716251850128
1,0.6012657880783081
1,0.5623683333396912
0,0.4873613715171814
1,0.5212303400039673
1,0.5076012015342712
0,0.4893466830253601
0,0.487834095954895
0,0.4944252073764801
0,0.48806139826774597
0,0.4878944754600525
1,0.6730309724807739
0,0.49036091566085815
1,0.5829206705093384
1,0.5852641463279724
1,0.5635214447975159
1,0.5272456407546997
0,0.4961619973182678
0,0.4863910675048828
1,0.5178563594818115
1,0.5145623683929443
0,0.5239410996437073
1,0.5136546492576599
0,0.4927675127983093
1,0.5632749199867249
0,0.4850105047225952
1,0.5632931590080261
0,0.4840411841869354
1,0.5840951204299927
1,0.5833463072776794
1,0.5179853439331055
1,0.5396512150764465
1,0.5274344086647034
1,0.5773897171020508
0,0.4957960844039917
0,0.4911012351512909
0,0.4964357316493988
1,0.5255072116851807
1,0.5264540910720825
0,0.49904611706733704
1,0.6743539571762085
1,0.5142123699188232
1,0.5301470756530762
0,0.4985751211643219
0,0.490157812833786
0,0.498139888048172
1,0.54474276304245
1,0.55027174949646
1,0.5521593689918518
1,0.5097916722297668
1,0.5219971537590027
0,0.4938707947731018
1,0.5333722233772278
0,0.4938639998435974
1,0.575757622718811
1,0.5085147619247437
0,0.484148234128952
0,0.48010942339897156
1,0.6588183045387268
1,0.5180134177207947
1,0.5094113945960999
1,0.5849210619926453
1,0.512477695941925
0,0.49851465225219727
0,0.4948864281177521
0,0.4989258646965027
0,0.49266406893730164
1,0.5346214771270752
0,0.493983656167984
0,0.4923858344554901
1,0.5842459201812744
0,0.48492327332496643
1,0.5164048075675964
0,0.5308724641799927
0,0.48332899808883667
0,0.5306949019432068
0,0.4834572672843933
1,0.5753020644187927
1,0.5842642784118652
1,0.5559473037719727
0,0.4935961961746216
1,0.5283029079437256
0,0.4843849837779999
0,0.48167404532432556
1,0.5072842240333557
0,0.49064141511917114
0,0.49412715435028076
1,0.5097748637199402
0,0.5488835573196411
0,0.49589890241622925
1,0.5899376273155212
1,0.5143536329269409
1,0.5745460391044617
0,0.49121302366256714
1,0.6260514259338379
1,0.5067586302757263
1,0.5214756727218628
1,0.513865053653717
0,0.49108660221099854
0,0.4899657666683197
0,0.48958292603492737
1,0.5887820720672607
0,0.4999324679374695
1,0.5891768932342529
0,0.4959385395050049
1,0.6037085056304932
0,0.49034297466278076
1,0.6711077094078064
1,0.5130910873413086
1,0.6620936989784241
1,0.5217736959457397
0,0.49355220794677734
1,0.511279821395874
1,0.5179729461669922
1,0.5432314276695251
1,0.511488676071167
1,0.5015496015548706
1,0.5634171962738037
0,0.5003368258476257
0,0.4939974248409271
1,0.5732566118240356
1,0.5660324096679688
1,0.5580828189849854
0,0.49787256121635437
1,0.5729974508285522
1,0.5601257085800171
1,0.5853853821754456
1,0.564730703830719
1,0.5112417936325073
0,0.4915423095226288
1,0.6021716594696045
1,0.5599809885025024
1,0.5348547697067261
0,0.4800938069820404
1,0.5788934826850891
0,0.4894312024116516
1,0.5120574831962585
0,0.49187248945236206
0,0.48381683230400085
1,0.5964908599853516
1,0.566469132900238
0,0.49407780170440674
0,0.4935150444507599
1,0.5189802050590515
1,0.6058030128479004
1,0.5419453978538513
1,0.5046778917312622
1,0.5544895529747009
1,0.5989083647727966
1,0.5649487376213074
1,0.5752219557762146
1,0.513505220413208
1,0.5105192065238953
0,0.4923185706138611
1,0.5915206074714661
0,0.4925832450389862
0,0.49046847224235535
1,0.6940580010414124
1,0.5844613909721375
0,0.49003171920776367
0,0.4929904341697693
0,0.4853312075138092
1,0.5423554182052612
1,0.592350959777832
1,0.5918675661087036
1,0.5253143906593323
1,0.6064394116401672
0,0.5308352708816528
0,0.4858679473400116
0,0.4806745946407318
1,0.5139934420585632
1,0.5775834918022156
1,0.5429367423057556
1,0.5535067319869995
1,0.5513381361961365
0,0.48482954502105713
0,0.4810183644294739
1,0.5925551056861877
1,0.5889432430267334
0,0.49273931980133057
1,0.669301450252533
0,0.48384708166122437
0,0.494732141494751
0,0.49412801861763
1,0.6671368479728699
1,0.521115243434906
1,0.5202965140342712
1,0.5760719180107117
1,0.5219399929046631
1,0.5746368765830994
0,0.49153780937194824
1,0.5438231229782104
1,0.5030536651611328
1,0.5104528665542603
1,0.5824950933456421
1,0.5085423588752747
0,0.5015402436256409
0,0.492868036031723
1,0.5909642577171326
0,0.4860832393169403
1,0.5161914229393005
0,0.5007076263427734
1,0.5167547464370728
1,0.5077703595161438
0,0.5351558923721313
1,0.5148220062255859
0,0.49028879404067993
1,0.5092885494232178
0,0.525779664516449
0,0.5002757906913757
0,0.4973047375679016
0,0.4960995018482208
0,0.4929378926753998
1,0.5102155208587646
1,0.5221226811408997
0,0.49407413601875305
0,0.4928840100765228
1,0.6875976920127869
1,0.5359823703765869
1,0.5865626931190491
0,0.4941120743751526
1,0.5063643455505371
0,0.48311078548431396
1,0.6033139824867249
1,0.5867342948913574
1,0.5644797682762146
1,0.5140112042427063
1,0.5054147839546204
1,0.5846619606018066
0,0.4965330958366394
1,0.507236123085022
0,0.524315595626831
0,0.4894809424877167
0,0.5010172128677368
0,0.4915817081928253
0,0.49257537722587585
0,0.49813687801361084
1,0.5156736969947815
1,0.5091665983200073
0,0.4916969835758209
0,0.49274250864982605
1,0.5744533538818359
0,0.4980120062828064
1,0.5157424807548523
1,0.5351645946502686
0,0.49853742122650146
1,0.5148006677627563
0,0.49617815017700195
1,0.5108595490455627
1,0.5919222831726074
0,0.4935270845890045
1,0.5687800645828247
1,0.5160507559776306
1,0.531960666179657
0,0.4872048795223236
0,0.49089136719703674
1,0.5061273574829102
1,0.5746757388114929
1,0.5205622911453247
1,0.5093705654144287
0,0.49222680926322937
0,0.5017407536506653
1,0.6803804039955139
1,0.5164296627044678
0,0.49488958716392517
1,0.5129093527793884
1,0.5875580906867981
0,0.4985829293727875
1,0.5176773071289062
1,0.5897689461708069
1,0.5069153308868408
1,0.5061867237091064
1,0.49269288778305054
1,0.5710771083831787
1,0.5476852655410767
1,0.5380696654319763
