label,prediction
0,0.0001289758802158758
0,1.5675761460443027e-05
1,0.9999996423721313
0,0.00012521805183496326
1,1.0
1,0.02433193288743496
0,0.31706684827804565
1,0.9999845027923584
1,0.999991774559021
1,1.0
1,9.50542016653344e-05
1,0.9999712705612183
1,1.0
1,0.8786178231239319
0,2.7021151254302822e-05
0,3.821870905085234e-06
1,0.9995892643928528
0,0.002653790172189474
0,0.061732955276966095
1,0.0012498117284849286
0,0.0004756722482852638
1,0.9880281686782837
0,0.999887228012085
0,2.1932328309048899e-07
0,0.00026544430875219405
1,1.0
0,3.836391260847449e-05
1,0.3451945185661316
1,0.9999996423721313
0,1.289094058165574e-07
0,0.0005189221119508147
1,1.0
0,0.00015938399883452803
1,0.9957041144371033
1,1.0
1,1.0
0,0.0003441997105255723
1,0.9229862689971924
1,1.0
0,3.617327456595376e-05
1,1.0
0,0.7112969756126404
1,1.0
1,0.9995285272598267
1,1.0
0,0.617163360118866
0,8.049690222833306e-06
0,9.26897143926908e-07
1,0.9998540878295898
0,0.00013721731374971569
1,1.0
1,0.9714368581771851
1,1.0
0,0.00033070368226617575
1,0.9999980926513672
1,1.0
1,1.0
1,0.9999998807907104
1,0.9993010759353638
0,0.24498826265335083
1,0.9733121991157532
1,1.0
1,0.9999996423721313
0,0.0002461861295159906
1,0.9999141693115234
1,1.0
0,0.7563151717185974
1,0.9990935325622559
0,0.10577840358018875
1,0.9971821308135986
1,0.9999998807907104
1,0.9999998807907104
1,0.44399091601371765
1,1.0
1,0.9999927282333374
0,0.008206529542803764
1,0.8396046161651611
1,0.9999932050704956
1,1.0
1,0.3977026045322418
0,1.3324357496458106e-05
1,0.9999051094055176
1,0.9999992847442627
1,0.9999991655349731
0,1.424629499524599e-05
1,0.9784765839576721
1,0.9999675750732422
1,0.9680335521697998
1,1.0
0,0.00026548607274889946
1,0.9999998807907104
1,1.0
1,1.0
1,0.9999104738235474
1,0.9999974966049194
1,0.9920226335525513
1,0.9999344348907471
0,0.3022407293319702
1,1.0
1,1.0
1,1.0
1,0.9999780654907227
1,0.9093219041824341
1,0.3117177188396454
1,0.9998375177383423
1,1.0
0,0.009412371553480625
1,1.0
0,0.1478140503168106
1,0.9999667406082153
0,0.7533036470413208
1,1.0
1,1.0
0,0.1383841186761856
1,0.9999998807907104
0,0.3125555217266083
0,0.035283852368593216
1,1.0
1,0.9984225034713745
1,0.7477050423622131
0,2.209865670010913e-05
1,0.22672629356384277
1,1.0
1,0.9999866485595703
0,0.9510547518730164
0,7.68011886975728e-06
0,0.00020529072207864374
0,0.006060494109988213
1,1.0
1,0.9999998807907104
1,0.9999841451644897
1,0.999998927116394
1,1.0
0,0.0003863760211970657
0,4.397995871840976e-05
1,0.9999997615814209
0,2.484905223809619e-07
0,0.8672055602073669
0,0.084389828145504
1,0.00774045567959547
0,0.00019589609291870147
1,1.0
1,1.0
1,1.0
1,1.0
0,0.17565494775772095
1,1.0
1,0.9697163701057434
0,0.015991616994142532
1,0.9999978542327881
0,0.957655131816864
1,0.9999996423721313
1,0.9999983310699463
0,0.0002886111324187368
0,3.557700620149262e-05
1,0.9999321699142456
1,0.9658676385879517
0,3.949046367779374e-05
1,0.5719092488288879
0,2.4908152340685774e-07
1,1.0
0,0.00011412793537601829
0,0.6038790345191956
1,0.028354890644550323
0,0.9021989703178406
0,1.0321739864593837e-05
0,0.8696334958076477
1,1.0
0,0.01250490639358759
0,0.02750192955136299
0,1.2360314940451644e-05
1,0.9996824264526367
0,5.051912808085035e-07
0,3.7775826058350503e-06
0,1.8303506976735662e-07
0,3.774057040573098e-05
1,0.99979168176651
1,0.0007155279163271189
1,1.0
0,7.366239151451737e-05
0,2.5477555027464405e-05
0,6.109916284913197e-06
0,0.16245399415493011
1,0.28787729144096375
1,0.9999909400939941
1,0.9992105960845947
1,1.0
1,0.9874728918075562
1,1.0
1,0.9998438358306885
1,1.0
1,0.988301694393158
1,1.0
1,0.9998340606689453
1,1.0
0,8.696041504663299e-07
1,0.9999995231628418
1,0.9999997615814209
0,0.6584404706954956
0,0.6802473664283752
0,6.85344057274051e-05
0,3.0481467547360808e-05
0,0.0027345626149326563
1,1.0
0,0.00010697525431169197
0,4.957541577255142e-08
0,0.0013314924435690045
1,0.9988263249397278
0,0.02490752749145031
0,0.13666117191314697
1,1.0
0,6.386982818185061e-07
1,1.0
1,1.0
0,0.10878913104534149
1,1.0
1,1.0
1,1.0
0,3.463206255105433e-08
1,1.0
1,1.0
1,0.9991700649261475
1,0.9999099969863892
0,3.291814664407866e-06
0,2.0604904420906678e-05
1,0.20610570907592773
0,0.007248071022331715
0,0.0018814604263752699
0,5.130553404342209e-07
0,1.4191292052601057e-07
0,0.0008817065390758216
1,0.9724071025848389
0,5.001652880309848e-06
1,1.0
0,0.06666979193687439
0,0.00175248843152076
1,1.0
0,8.196511203095724e-07
1,0.999995231628418
1,1.0
1,1.0
1,0.9771076440811157
1,1.0
1,1.0
1,0.3622989058494568
1,0.9997889399528503
1,0.8140475153923035
1,0.999992847442627
0,7.518186748711742e-07
1,0.9997532963752747
1,0.9948931932449341
1,1.0
0,0.006310990545898676
1,1.0
1,0.9973170161247253
1,1.0
1,0.9949925541877747
1,0.9999969005584717
0,3.69597091776086e-06
1,0.9952042102813721
1,0.9937219023704529
0,6.36037475487683e-06
0,0.008194259367883205
1,0.9999988079071045
1,1.0
0,2.7497406335896812e-05
1,1.0
1,0.999866247177124
1,1.0
1,0.9999995231628418
1,1.0
1,0.35950198769569397
1,1.0
1,0.9999964237213135
1,0.0007191189215518534
1,1.0
1,1.0
0,0.0018985593924298882
1,0.9999895095825195
0,0.0001910077698994428
0,0.28761714696884155
1,1.0
1,0.9999998807907104
1,0.1091947928071022
0,9.727187716634944e-06
1,1.0
1,1.0
0,5.196727579459548e-05
1,0.9999998807907104
0,0.014923927374184132
1,1.0
1,0.9868019223213196
1,0.9999990463256836
1,0.9998786449432373
0,0.0017115989467129111
1,1.0
1,0.9996975660324097
1,0.9999998807907104
0,8.311821147799492e-06
1,0.05077803507447243
1,1.0
1,1.0
1,1.0
0,2.202161522291135e-05
1,1.0
1,0.999904990196228
1,0.9993233680725098
0,1.1750125850085169e-07
1,0.9243211150169373
1,0.9999977350234985
0,7.977357086019765e-07
1,0.9999406337738037
1,1.0
1,1.0
0,1.1490402584968251e-06
0,8.358006198250223e-07
1,1.0
1,0.9999973773956299
1,0.0018017697148025036
1,1.0
1,0.9997850060462952
0,9.132094419328496e-06
0,0.0004222151474095881
1,1.0
0,1.4329685654956847e-05
1,0.948360800743103
0,0.001408880460076034
0,0.8929707407951355
1,1.0
1,0.995280921459198
0,0.1329304277896881
0,0.002533216495066881
1,0.0013146863784641027
0,0.0030274479649960995
0,0.00012563678319565952
1,0.0002597269194666296
1,0.9999198913574219
0,9.730098099680617e-05
1,1.0
1,1.0
1,0.9998512268066406
0,5.9676422097254544e-05
1,1.0
0,0.0008415690972469747
0,2.595616706457804e-06
0,8.177998097380623e-06
0,0.0008032619371078908
0,1.4610997823183425e-05
1,1.0
0,0.2625434696674347
0,3.795199154410511e-05
1,0.9999898672103882
0,0.0009319889359176159
0,3.4948294569403515e-07
1,0.9999997615814209
1,0.9941728711128235
1,0.06165666878223419
0,0.011507710441946983
1,1.0
1,0.9635943174362183
1,1.0
0,2.1890062271268107e-05
0,0.13043861091136932
1,0.9999994039535522
1,1.0
1,1.0
1,0.9988871216773987
0,0.017594924196600914
1,0.9999961853027344
0,6.245568783924682e-06
1,0.999998927116394
1,0.14041872322559357
1,0.9784889221191406
0,4.924880158796441e-06
1,1.0
1,1.0
1,0.0009154969011433423
0,0.00012375054939184338
0,1.3601582793398848e-07
1,1.0
1,1.0
1,1.0
0,0.07739150524139404
1,1.0
1,0.9999997615814209
1,0.9999619722366333
0,2.1864923382963752e-06
0,0.01983894221484661
1,0.999940037727356
1,1.0
1,0.9999943971633911
1,0.9999997615814209
0,0.14467735588550568
1,0.9998217225074768
1,0.9945816397666931
1,0.9999998807907104
1,0.9988441467285156
1,1.0
0,7.444410584867001e-06
1,0.9994818568229675
0,0.016426967456936836
1,0.08591452986001968
0,0.002701227553188801
1,1.0
1,0.9999656677246094
0,0.025692958384752274
1,1.0
1,1.0
0,1.1969249271714943e-06
1,1.0
0,1.2722203791781794e-05
0,0.001131238997913897
1,0.28708937764167786
1,0.9999995231628418
1,0.9215561747550964
0,1.628776954021305e-05
0,0.008752807043492794
0,1.1762513167923316e-05
1,0.9999998807907104
0,0.0006289092707447708
0,0.054837506264448166
1,1.0
0,1.2526876957963395e-07
0,6.520263013953809e-07
0,0.0162265133112669
0,0.0003189285926055163
1,1.0
0,0.009463164024055004
1,1.0
0,0.0017274661222472787
1,1.0
0,0.0029116866644471884
1,0.7121630311012268
1,1.0
1,1.0
0,5.3810734243597835e-05
1,1.0
0,0.04006199911236763
0,0.0002970666973851621
1,0.9999014139175415
1,0.9999996423721313
1,1.0
0,2.1562873087077605e-07
0,2.0511835828074254e-05
1,0.9909074306488037
0,0.00031383210443891585
0,0.00013132061576470733
1,0.9995220899581909
1,1.0
1,0.9999985694885254
0,1.4877851173267231e-09
1,1.0
1,0.9999856948852539
0,6.990042311372235e-05
1,0.9999364614486694
1,0.946015477180481
1,0.9999442100524902
0,0.0023659158032387495
0,0.024509266018867493
1,1.0
1,1.0
0,0.0037706780713051558
0,0.026806849986314774
0,1.3453725955514528e-07
0,3.508301961119287e-05
1,1.0
1,0.9479269981384277
1,0.9999359846115112
1,0.9960673451423645
1,1.0
1,0.18701928853988647
1,0.9999988079071045
1,1.0
0,0.0028021351899951696
0,9.005363921232856e-08
0,0.0005133767845109105
1,0.9999967813491821
0,0.027892187237739563
1,1.0
1,1.0
1,0.999996542930603
1,1.0
1,1.0
1,1.0
0,0.21964004635810852
0,0.48578503727912903
0,0.02458302117884159
1,0.9989680051803589
0,0.06274861842393875
0,2.887715891120024e-05
0,0.00038631854113191366
1,1.0
0,0.4938684105873108
0,9.043747559189796e-05
1,0.9984397292137146
1,1.0
1,1.0
1,1.0
1,0.9999969005584717
0,0.00042049583862535655
1,0.9999998807907104
1,1.0
1,0.003723316127434373
0,0.11305630952119827
1,0.999998927116394
0,0.13158413767814636
1,1.0
1,1.0
1,0.9999583959579468
0,0.0010085852118209004
0,0.5781332850456238
1,1.0
1,0.0003190618008375168
0,1.857949246186763e-05
1,1.0
1,1.0
0,4.1286721170763485e-06
1,0.9721699953079224
1,1.0
0,2.4310450044140453e-06
1,1.0
0,0.001202483894303441
0,6.6934376263816375e-06
1,0.31679970026016235
1,0.9998793601989746
1,1.0
0,0.9986280202865601
1,0.9815011620521545
1,0.9449902772903442
1,1.0
1,0.3171120882034302
0,7.2513385021011345e-06
1,1.0
1,0.054298363626003265
1,0.9999998807907104
1,0.8964135050773621
0,0.0015762337716296315
1,1.0
1,1.0
0,5.130881959303224e-07
0,0.706052839756012
1,0.9999958276748657
0,0.02376583032310009
1,0.9851959943771362
1,0.9973401427268982
1,0.9999994039535522
0,0.00011176845146110281
1,0.9999945163726807
0,2.207130364695331e-06
1,0.9904770851135254
0,0.9527791738510132
0,0.0774497464299202
0,0.0028298385441303253
1,1.0
0,0.004065526649355888
1,1.0
0,9.683704149665573e-08
1,1.0
1,0.9976279139518738
1,0.9999963045120239
1,1.0
1,0.9993932247161865
0,0.0011072446359321475
0,0.00047963063116185367
1,0.9999997615814209
1,1.0
0,0.024145737290382385
0,0.04652494192123413
1,0.9941018223762512
1,0.6448796987533569
0,0.0006084652268327773
0,3.4423021133989096e-05
0,4.822794608116965e-07
1,1.0
1,1.0
0,0.34220096468925476
0,8.357434211347936e-08
1,0.9898881316184998
0,7.109134685379104e-07
0,0.003927018027752638
1,0.999998927116394
1,1.0
1,0.7570884227752686
0,3.830796231341083e-06
0,0.003479425795376301
0,2.5646682843216695e-05
1,1.0
0,0.0001724072644719854
1,0.9999948740005493
1,1.0
1,0.9999997615814209
0,2.639560534589691e-07
0,7.509440365538467e-06
0,0.000503447896335274
1,1.0
0,0.8042753338813782
1,0.9999971389770508
0,0.981683611869812
0,0.23753495514392853
1,1.0
1,1.0
1,1.0
1,1.0
0,2.1672891307389364e-05
1,1.0
1,0.9999933242797852
0,5.331290253707266e-07
1,0.19507861137390137
1,1.0
0,6.587218376807868e-05
1,1.0
0,0.1246255561709404
1,0.9755580425262451
0,0.0010585053823888302
1,0.9999997615814209
1,0.9558532238006592
0,3.644804019131698e-05
1,1.0
1,1.0
0,0.03782251849770546
0,0.17275890707969666
1,0.0006753068300895393
1,0.9997226595878601
0,4.952705421601422e-05
1,0.9999847412109375
1,0.9943095445632935
1,1.0
1,0.9872316718101501
1,0.0003971421392634511
1,0.9964806437492371
0,0.0009035462280735373
0,9.69690631791309e-07
1,0.9354795813560486
1,0.011749987490475178
0,0.00019684276776388288
0,4.5992765080882236e-05
1,1.0
0,2.4491737349308096e-05
1,1.0
1,1.0
0,0.019602971151471138
1,1.0
0,1.2405175198182405e-07
1,1.0
0,0.06897962838411331
0,6.287870928645134e-05
1,1.0
1,1.0
1,1.0
1,1.0
1,1.0
1,0.9999996423721313
0,0.08296087384223938
0,0.10138136148452759
0,0.00016307549958582968
1,1.0
1,0.9999585151672363
1,1.0
1,1.0
1,0.8557552695274353
1,0.9985437393188477
0,2.357659013796365e-06
1,1.0
0,7.211692718556151e-07
1,1.0
1,0.984485387802124
1,0.9946137070655823
0,2.2139522570796544e-06
0,0.1701754927635193
1,0.0001136076170951128
1,1.0
1,1.0
0,0.9633718132972717
0,2.6496795726416167e-06
1,0.007482691202312708
0,5.495893128681928e-05
1,0.9997742772102356
0,0.7850635647773743
1,0.9999998807907104
0,0.1717042475938797
1,0.017586100846529007
1,0.9999990463256836
1,0.9999973773956299
1,0.0702899843454361
1,1.0
0,0.0030851673800498247
1,0.9988369345664978
0,4.456779123529486e-08
0,4.063234155182727e-05
0,0.00036787366843782365
0,0.0412394180893898
1,1.0
1,0.9999998807907104
1,0.9999994039535522
1,0.8679091334342957
1,0.9065935611724854
0,6.96511222031404e-07
0,0.731349527835846
1,1.0
0,0.736655056476593
1,0.9999829530715942
1,0.9999996423721313
0,0.36249712109565735
0,5.180946232030692e-07
0,0.5417672991752625
1,1.0
1,0.9999986886978149
0,8.359066328011977e-07
0,3.757475752763639e-08
0,5.199843599257292e-06
1,1.0
1,0.9616888761520386
1,0.3811153471469879
0,0.00013347128697205335
0,4.4751323002856225e-07
1,1.0
1,0.0006233832682482898
1,0.15748174488544464
1,1.0
0,4.382726547191851e-05
1,1.0
1,0.999990701675415
1,0.9999635219573975
1,0.9952898025512695
0,0.9190015196800232
0,0.0010989514412358403
1,0.750834584236145
1,0.9249532222747803
0,0.09215561300516129
1,1.0
0,0.032769542187452316
0,7.258693131007021e-06
1,1.0
1,1.0
1,1.0
1,0.9999998807907104
0,9.360653166368138e-06
1,0.9500436186790466
0,7.840969919925556e-05
1,0.9999997615814209
0,0.9979598522186279
0,0.002046015113592148
0,2.0576411770889536e-05
0,0.00023061731189955026
1,1.0
1,1.0
0,0.00021703435049857944
0,0.00100225699134171
1,0.9999042749404907
1,0.9999879598617554
1,1.0
0,0.00043630757136270404
1,0.9998260140419006
0,0.00012372482160571963
1,1.0
1,0.9999821186065674
0,0.006653246935456991
0,0.00011665296187857166
1,0.021078525111079216
0,0.00010407895751995966
0,0.08903846144676208
0,8.83996399352327e-05
0,6.799841685278807e-06
0,0.006964171305298805
1,1.0
0,1.7237205156561686e-06
1,0.9999866485595703
1,0.9998028874397278
1,0.9999994039535522
0,2.3980435344128637e-06
0,9.43096965784207e-05
0,0.026186341419816017
0,0.956170380115509
1,0.08949049562215805
1,0.9999998807907104
0,0.04720427095890045
1,1.0
1,1.0
0,0.06981053203344345
1,1.0
1,1.0
1,0.9890329837799072
1,1.0
0,0.05611912161111832
0,0.018498508259654045
1,0.9985950589179993
0,0.000661382800899446
0,0.007602368015795946
1,0.972745418548584
0,0.13755765557289124
1,0.9899932742118835
1,0.9999996423721313
0,1.8606429819101322e-07
1,1.0
1,1.0
1,0.9906495213508606
0,0.007751336321234703
1,0.9999998807907104
1,0.035696759819984436
1,0.4215700924396515
1,0.0005077880341559649
0,0.01714584045112133
1,1.0
1,0.7983250617980957
1,0.5241944193840027
1,1.0
1,1.0
0,0.011380808427929878
0,1.8784988924380741e-06
0,5.346383659343701e-06
0,3.2953482786979293e-06
0,0.065639428794384
0,5.462770786834881e-06
1,0.9874438643455505
1,1.0
1,0.9997885823249817
1,1.0
0,0.011054834350943565
1,0.5116298198699951
1,0.9999978542327881
0,0.2675681412220001
0,0.010703478008508682
1,0.9999990463256836
1,1.0
0,0.0040219794027507305
1,1.0
1,0.0024394579231739044
0,0.06196385994553566
0,9.71748977462994e-06
0,0.1556856334209442
1,0.9999998807907104
1,0.9670249819755554
1,1.0
0,0.0005673810956068337
1,1.0
0,0.02677411586046219
1,0.9999947547912598
1,0.002400459721684456
0,0.1667182743549347
1,0.9999979734420776
0,0.27369341254234314
0,1.1031819667550735e-05
0,0.00027507657068781555
1,0.999840259552002
0,0.0147901251912117
1,0.8496955037117004
0,2.3396740289172158e-05
1,0.9999998807907104
1,1.0
0,0.05602100118994713
0,0.05309227108955383
0,0.933479368686676
1,0.020345283672213554
1,1.0
0,0.12112066894769669
1,1.0
0,0.05104946345090866
0,8.782990335021168e-08
0,0.006079172715544701
1,1.0
0,0.0012595796724781394
0,4.245986565365456e-05
1,0.9999992847442627
1,1.0
0,0.0018673863960430026
1,1.0
1,0.9299658536911011
1,0.9999685287475586
0,0.00040562311187386513
1,1.0
0,7.816058496246114e-05
0,3.53344012182788e-06
0,1.0125972949026618e-06
0,5.931456325924955e-05
1,1.0
0,0.2090570479631424
1,0.9999386072158813
1,1.0
1,1.0
1,1.0
1,1.0
1,0.9997827410697937
1,0.9999998807907104
1,1.0
0,1.0146156910195714e-06
1,0.9999943971633911
0,0.9328415989875793
1,1.0
0,0.00019098172197118402
1,1.0
0,0.018952330574393272
1,1.0
1,1.0
1,1.0
0,6.708581850034534e-07
1,0.08872668445110321
1,0.9999997615814209
1,0.9290268421173096
1,0.9999752044677734
1,0.9999369382858276
0,0.12463963031768799
1,1.0
1,0.12832188606262207
1,0.09855777025222778
0,0.002568950178101659
1,0.9282770752906799
1,1.0
1,1.0
1,1.0
1,0.9999954700469971
1,0.9999985694885254
1,1.0
1,0.9999998807907104
0,0.03173870965838432
1,1.0
1,1.0
1,0.9976692795753479
0,3.263202643211116e-06
0,0.011049298569560051
0,0.0015373608330264688
1,0.9999998807907104
1,0.9996004700660706
0,5.493749810625559e-08
0,3.4303438951610588e-06
1,0.9999905824661255
1,0.999997615814209
1,0.007327091880142689
0,0.0030207340605556965
0,0.9925962686538696
1,0.9978074431419373
1,1.0
1,0.9928102493286133
1,0.6571093201637268
1,0.9051980376243591
0,0.6393882632255554
1,0.9981827735900879
1,0.9999589920043945
0,8.579366112826392e-05
1,0.9999994039535522
0,0.031142234802246094
1,1.0
0,6.114732400419598e-07
1,0.9999998807907104
1,0.6090980768203735
1,0.9999475479125977
1,1.0
0,6.648826911259675e-06
1,0.998979389667511
0,0.001178925158455968
1,0.9999291896820068
1,1.0
1,0.9991365075111389
1,1.0
1,0.9999994039535522
1,0.999969482421875
1,0.9999997615814209
1,0.9994540810585022
1,0.9998261332511902
1,1.0
0,0.008818996138870716
0,0.03731768950819969
1,0.9999979734420776
1,0.783114492893219
1,1.0
0,0.004667902365326881
1,1.0
1,0.9999607801437378
1,0.9999998807907104
1,0.9735244512557983
1,0.9999992847442627
0,0.23009589314460754
1,1.0
1,0.9999136924743652
1,1.0
0,0.002159343333914876
1,0.9999986886978149
1,1.0
1,1.0
0,0.04329359158873558
1,0.5665878057479858
1,0.1984260082244873
1,0.9999641180038452
1,1.0
1,0.9999998807907104
0,0.05619237944483757
1,0.9956629872322083
1,1.0
1,0.9999995231628418
0,1.6272182620014064e-05
1,0.9999688863754272
0,0.0007065738900564611
0,9.217782235282357e-07
1,0.9920902252197266
1,0.9999980926513672
1,1.0
1,0.9999997615814209
0,0.3154536783695221
1,1.0
0,2.8881870093755424e-05
1,1.0
0,0.0034446141216903925
1,0.05084717646241188
0,0.08594240248203278
0,0.6373619437217712
1,0.9999966621398926
1,0.00165435706730932
0,0.0001963579998118803
0,9.921885066432878e-06
0,1.548598476119878e-07
0,0.00032564252614974976
0,1.3489841876435094e-05
1,1.0
1,0.9999997615814209
1,0.9999998807907104
0,0.0001030524872476235
0,0.999722421169281
1,1.0
1,1.0
1,1.0
1,1.0
1,1.0
0,0.011114641092717648
0,8.550184429623187e-05
1,0.7965642809867859
1,0.9999904632568359
1,0.02492797188460827
0,0.9994484782218933
0,3.79793273168616e-05
0,3.1017705623526126e-05
1,0.9999994039535522
1,0.9999635219573975
1,1.0
1,0.9999998807907104
1,0.9999998807907104
0,0.9988207221031189
1,0.9999994039535522
1,0.9999992847442627
0,0.6034886240959167
1,1.0
1,1.0
0,9.166813833871856e-05
1,0.9999997615814209
1,0.9915041327476501
1,0.790088951587677
1,0.3301410675048828
0,0.004197928123176098
0,6.081055516915512e-07
1,0.9968219995498657
1,0.9999873638153076
1,0.6890695095062256
1,0.15009543299674988
1,0.0028441334143280983
1,0.00456706527620554
0,0.030423667281866074
1,3.5070814192295074e-05
1,0.9997901320457458
1,0.9998927116394043
1,0.999834418296814
1,1.0
0,0.0015312735922634602
1,0.9999980926513672
0,0.590855598449707
0,2.9247626542883154e-08
0,3.7027339203632437e-06
0,0.015314600430428982
0,0.23822885751724243
1,0.9999995231628418
0,1.5548821465927176e-06
1,0.9998971223831177
1,1.0
0,0.3744688630104065
0,4.149558563426581e-08
0,0.000368281762348488
1,0.9855697751045227
0,0.009518709033727646
0,8.829803846310824e-05
1,0.9999819993972778
1,1.0
0,2.7891836396065628e-08
0,2.6826111820810183e-07
1,0.9986169338226318
1,0.9997387528419495
0,0.0021677992772310972
1,0.9999998807907104
0,7.407546218018979e-05
0,0.0005581191508099437
1,0.9999063014984131
0,0.0011258459417149425
1,1.0
0,1.217517706209037e-06
0,2.3581947971251793e-05
0,0.5702016353607178
1,0.9999994039535522
1,1.0
1,0.9999990463256836
1,0.9999614953994751
1,0.9999207258224487
0,0.00023377269099000841
1,1.0
0,4.830711986869574e-06
1,1.0
1,0.9843795895576477
1,0.5869594216346741
0,0.013119504787027836
1,1.0
1,0.9999982118606567
1,1.0
1,0.9999994039535522
0,0.9741602540016174
1,1.0
1,0.9999998807907104
1,0.9999134540557861
1,1.0
1,0.9999982118606567
0,0.0244105514138937
0,0.008417677134275436
1,1.0
1,1.0
1,0.03038395382463932
0,0.17650313675403595
1,1.0
1,0.9999788999557495
1,1.0
0,0.6563721299171448
0,0.001270104548893869
0,0.056175246834754944
1,0.6413494944572449
0,5.055376732343575e-06
0,0.874986469745636
1,1.0
1,1.0
0,0.03567541763186455
0,0.009992212988436222
1,0.9997913241386414
1,0.9949170351028442
1,0.9999979734420776
1,1.0
1,0.9998325109481812
1,0.00022068756516091526
1,0.9999988079071045
1,0.9905123114585876
1,1.0
1,0.9972434043884277
1,0.9999958276748657
0,0.9467849135398865
1,1.0
1,0.1153881698846817
0,6.89427452016389e-06
1,1.0
1,0.9998756647109985
0,0.3593977391719818
0,0.0012187266256660223
0,1.5354780202869733e-07
0,0.2321181297302246
0,0.00012628332478925586
0,8.396606062888168e-06
1,0.9986761212348938
0,8.428017963524326e-07
0,0.04233931377530098
0,0.02621149830520153
0,0.001204990898258984
1,0.2048071175813675
1,0.9188375473022461
1,1.0
0,1.7028185084200231e-07
0,0.00027600943576544523
1,0.9999028444290161
1,0.010700151324272156
1,0.9942479133605957
1,0.9999767541885376
0,5.344732016965281e-06
0,5.0037440814776346e-05
1,1.0
1,1.0
1,0.0008962857536971569
0,7.281479241783018e-08
0,0.007551128044724464
0,1.6470728780859645e-07
1,1.0
0,0.00018707502749748528
1,0.9999737739562988
1,0.9724306464195251
1,1.0
0,1.3956749853605288e-06
0,0.009614014066755772
0,0.00015959813026711345
1,0.9996814727783203
1,1.0
0,3.5662606023834087e-07
1,0.9775575399398804
1,0.9999979734420776
0,4.313851604820229e-05
0,4.679062476498075e-05
1,1.0
1,1.0
1,0.9927224516868591
1,0.9999998807907104
0,0.04841068014502525
1,1.0
0,2.843213906089659e-06
1,0.999588668346405
0,4.539931069302838e-06
1,1.0
1,0.999093770980835
0,7.3717983468668535e-06
0,0.3179713189601898
0,0.004930633585900068
0,0.06866143643856049
1,1.0
0,0.17319080233573914
1,1.0
1,0.9956029653549194
1,1.0
0,0.04282434284687042
1,1.0
1,0.9999990463256836
1,0.6100215911865234
0,0.004404714796692133
1,1.0
1,0.9999982118606567
1,0.9999998807907104
1,0.9949996471405029
0,8.600808541814331e-06
0,2.965858584502712e-06
0,0.0508822500705719
1,0.9994297623634338
0,0.8464837074279785
1,0.9999997615814209
1,0.9999998807907104
0,2.1522784663829952e-05
1,1.0
1,1.0
1,0.9992504715919495
1,0.902617335319519
0,0.6238994002342224
0,0.0017449079314246774
1,0.9999949932098389
1,1.0
1,0.8943174481391907
1,0.9999991655349731
1,1.0
0,0.00012465538748074323
1,0.9727094173431396
0,0.0012311514001339674
0,3.802293520038802e-07
0,0.3025266230106354
0,2.632910991451354e-07
1,0.9938750863075256
1,0.9972413778305054
0,3.1824514735490084e-05
1,1.0
1,1.0
0,1.395060735376319e-05
1,1.0
0,0.925157368183136
0,5.257212265519229e-08
1,0.38680657744407654
0,6.3106012930802535e-06
0,4.4426487875171006e-05
1,0.9999998807907104
1,1.0
0,0.989391028881073
1,1.0
1,1.0
0,0.011774452403187752
0,5.3261501307133585e-06
0,2.1368741727201268e-05
1,1.0
0,1.9401762983761728e-05
1,0.9722865223884583
1,1.0
0,0.00028042879421263933
0,0.0009425364551134408
0,0.00020490743918344378
1,0.9913172721862793
0,3.2287243811879307e-06
0,0.006561584770679474
0,0.0007038251496851444
1,0.999901294708252
0,0.0009706320124678314
0,0.12777447700500488
0,0.9892802834510803
0,0.0004941734368912876
0,7.520674262195826e-05
1,0.9999986886978149
0,1.8705810589381144e-06
0,0.5076416730880737
0,1.734965167088376e-07
1,0.9999998807907104
1,1.0
1,0.905754566192627
1,0.9999995231628418
1,0.9990584254264832
1,1.0
0,9.005137258100149e-07
1,0.9902316927909851
0,3.494108750601299e-05
0,7.422604085149942e-06
1,1.0
0,0.08061929047107697
0,8.985664862848353e-06
0,3.048143844353035e-05
1,0.9996379613876343
1,0.9999998807907104
0,0.006814317777752876
0,0.012051564641296864
0,0.04792756587266922
1,0.9999140501022339
0,2.653451156220399e-05
0,0.06062575429677963
1,0.957719087600708
0,0.002155944239348173
1,0.9997852444648743
0,0.07056248933076859
0,0.0007574332994408906
1,1.0
1,0.0003353515639901161
1,1.0
1,1.0
1,1.0
0,7.660587471036706e-06
1,0.9999998807907104
0,4.401930198127957e-07
1,1.0
1,1.0
0,0.001325687044300139
0,0.0009139651083387434
1,0.06882303208112717
1,0.9955688118934631
1,0.9999991655349731
1,0.9999997615814209
0,0.7781707048416138
0,0.001153665012679994
1,0.9999370574951172
0,1.8930387568616425e-06
0,3.842241858365014e-05
0,1.0235036285166643e-07
0,3.19802416015591e-06
1,0.9998536109924316
1,0.9263765215873718
0,1.2511881323007401e-05
0,0.010208051651716232
0,1.0975926443279604e-06
1,1.0
1,0.9453791379928589
0,2.9674652068933938e-06
1,0.9999980926513672
1,1.0
1,1.0
1,0.9782800674438477
0,0.0008815250475890934
1,0.9999889135360718
1,1.0
1,0.9989928603172302
1,1.0
0,0.09761618822813034
0,0.002577441278845072
1,0.9999998807907104
1,0.8390249013900757
1,0.9791347980499268
1,0.9925742149353027
0,0.0005216808058321476
0,0.7722357511520386
1,0.8728170394897461
1,0.18398161232471466
0,0.00039529643254354596
1,1.0
1,0.9999988079071045
0,0.004797561559826136
1,0.9999998807907104
1,0.9803218245506287
1,0.9999997615814209
1,0.9999924898147583
0,0.0003753816708922386
0,0.0009219166240654886
1,1.0
1,1.0
1,1.0
1,1.0
1,0.9999927282333374
0,0.5013111233711243
1,0.999998927116394
1,0.9999110698699951
0,4.206485755275935e-05
1,1.0
1,1.0
0,8.527229056198848e-08
1,1.0
0,0.005591120570898056
1,0.9958555102348328
1,1.0
0,2.461621625116095e-05
1,1.0
0,0.2399614304304123
1,0.9999997615814209
0,0.009012107737362385
1,0.9994235038757324
1,0.05005135014653206
0,0.9200544953346252
1,0.9999712705612183
0,0.00041084090480580926
1,1.0
0,0.001630617887713015
1,1.0
1,1.0
1,0.3981352150440216
0,1.9728613551706076e-05
1,0.99601149559021
1,1.0
0,4.053248994750902e-05
1,0.9999858140945435
0,0.3859942555427551
1,1.0
0,3.800131889875047e-05
1,0.9999997615814209
1,1.0
0,0.9701356887817383
1,1.0
0,1.3323187886271626e-05
0,2.5115172320511192e-05
1,1.0
0,5.613597409137583e-07
0,4.844916475121863e-05
1,0.9986279010772705
1,1.0
1,0.005357999820262194
1,0.4389345347881317
1,0.999913215637207
1,0.9994210004806519
0,4.052664280607132e-06
1,1.0
0,0.0008207239443436265
1,0.9999697208404541
1,1.0
0,0.0031829329673200846
1,1.0
0,0.03328429535031319
0,0.000528201402630657
0,0.09329761564731598
1,1.0
0,0.00015027208428364247
0,2.815333573380485e-06
0,0.17760874330997467
0,3.208862153769587e-07
1,1.0
1,1.0
1,1.0
0,0.054013971239328384
0,2.623701402626466e-05
1,0.9987841248512268
1,1.0
1,1.0
0,0.06322292238473892
1,0.9993195533752441
0,1.2552771977425436e-06
1,0.9999985694885254
0,0.198012575507164
1,0.9999974966049194
1,0.9999985694885254
0,0.29806846380233765
0,0.0004771069507114589
1,1.0
0,4.704166349256411e-05
0,0.012844833545386791
0,2.8740823836415075e-06
0,0.9801110625267029
0,0.0013063050573691726
1,0.9736520051956177
0,0.00015301952953450382
1,0.9933300614356995
1,1.0
1,0.9999998807907104
1,0.9999991655349731
1,1.0
0,0.0017210246296599507
1,0.9999953508377075
1,0.9999697208404541
1,2.848537769750692e-05
0,0.012668706476688385
1,1.0
1,0.9999945163726807
1,1.0
1,1.0
0,1.3511810266209068e-06
0,0.5898364186286926
1,0.9996253252029419
1,1.0
1,0.8803091049194336
0,0.12292581051588058
0,2.518756446079351e-06
1,0.023062584921717644
1,0.9999755620956421
1,1.0
0,0.0020617975387722254
1,0.9999195337295532
0,3.110259785898961e-05
1,0.999997615814209
1,1.0
1,1.0
1,0.995369017124176
1,1.0
1,0.7819810509681702
1,0.0005692854756489396
0,0.3087306618690491
1,0.9995778203010559
1,0.9999487400054932
0,1.3907342690799851e-05
0,0.1270214021205902
1,1.0
0,0.005649518687278032
1,0.6203663945198059
0,0.0023072019685059786
1,0.9999678134918213
1,1.0
0,9.210303915097029e-07
1,1.0
1,0.9999285936355591
1,0.7428522109985352
1,0.31665629148483276
0,0.029820114374160767
1,0.9999799728393555
1,1.0
1,0.5124517679214478
1,0.9878223538398743
1,0.9957721829414368
0,0.0014210394583642483
1,1.0
1,0.9999890327453613
1,0.10787847638130188
1,0.9847986102104187
0,0.0007351712556555867
1,1.0
1,0.9999984502792358
1,0.5615367889404297
0,0.7008642554283142
0,0.06138572469353676
0,0.23358991742134094
0,1.2548088307084981e-05
1,1.0
0,8.910146220841852e-08
0,0.00016143139509949833
0,4.808447556570172e-06
1,0.35586103796958923
1,0.8860951662063599
0,5.915244764764793e-05
1,0.9999872446060181
1,0.9999997615814209
1,1.0
0,0.9850091934204102
0,0.008469679392874241
1,0.7173442840576172
0,0.0013627295847982168
1,0.0022132431622594595
1,1.0
1,0.9999635219573975
0,7.284287130460143e-05
1,1.0
0,0.02300877869129181
1,1.0
1,0.9999234676361084
1,0.6350573301315308
1,0.9816498160362244
0,0.00956917367875576
1,0.9999994039535522
1,0.8840004205703735
1,0.9999780654907227
1,0.7727537155151367
1,1.0
1,0.9920716881752014
1,1.0
1,1.0
0,0.23422078788280487
0,4.708402684627799e-06
1,0.9999955892562866
1,0.9157142043113708
0,0.8872359395027161
0,0.11714167147874832
0,1.2037982742185704e-05
0,0.00019136779883410782
1,0.999962329864502
1,1.0
1,0.9999995231628418
0,0.001070583239197731
0,0.033828072249889374
1,1.0
0,0.7800122499465942
1,1.0
1,1.0
0,0.9761465191841125
1,0.9743801355361938
0,0.0012326673604547977
1,0.9803721308708191
1,0.9988881945610046
1,1.0
1,0.9865801930427551
1,0.8778451085090637
1,0.9999940395355225
0,0.0009026112966239452
0,1.4470225551121985e-06
0,0.17038321495056152
1,0.99997878074646
0,0.00036309819552116096
0,7.679464602006192e-07
0,0.1427081823348999
1,0.9999980926513672
1,1.0
1,1.0
0,1.8676737454370596e-05
1,1.0
0,1.1529586117831059e-05
0,0.0005225003696978092
0,7.805572010965989e-08
0,0.465246319770813
1,1.0
1,1.0
1,0.6389093399047852
1,1.0
1,0.9999991655349731
0,0.0002831648744177073
1,0.9777137637138367
0,1.291395506086701e-06
1,0.9999973773956299
1,0.895293653011322
0,1.441736507956648e-08
1,0.9999998807907104
1,0.0016737107653170824
1,1.0
1,0.7769713997840881
1,1.0
0,0.0005387149867601693
1,0.9999998807907104
1,0.9999991655349731
1,0.999997615814209
1,0.8377987146377563
1,1.0
1,0.9999954700469971
1,1.0
1,0.9999990463256836
1,1.0
0,0.00021193605789449066
0,0.02073385939002037
0,0.048062145709991455
1,0.996192455291748
1,1.0
1,1.0
0,0.007650159299373627
1,1.0
1,1.0
1,0.9976407289505005
0,0.0016018167370930314
0,3.457340062595904e-05
1,0.9787326455116272
1,0.23665869235992432
0,0.0012417418183758855
0,0.0006949366652406752
1,1.0
0,0.005447874311357737
1,1.0
0,0.502663254737854
0,7.842028026061598e-06
1,0.9999996423721313
1,1.0
1,0.9999985694885254
1,1.0
0,0.19476163387298584
1,0.9591003060340881
1,0.9999996423721313
0,0.007268559653311968
1,0.9906201362609863
1,0.9987529516220093
1,0.9753367304801941
0,2.0423063688213006e-05
0,2.0028292055940256e-06
1,1.0
0,0.0021607268135994673
0,0.06259901821613312
0,0.002442106371745467
1,0.999548614025116
0,1.3946150829724502e-05
1,1.0
0,4.049362178193405e-05
1,0.8550812602043152
1,0.9074072241783142
0,0.005171286873519421
0,0.9987654685974121
1,0.9998496770858765
1,1.0
0,0.010121298022568226
1,0.9999998807907104
1,0.9114214181900024
1,0.9920194745063782
1,1.0
0,0.00010347727948101237
0,4.267192821316712e-07
0,2.7984533517155796e-06
0,0.00634799525141716
1,0.7875878810882568
0,0.015297682955861092
1,0.9865648746490479
1,0.9999973773956299
0,0.19315475225448608
0,0.0018004887970164418
1,0.9997332692146301
1,0.9999861717224121
1,0.9999972581863403
1,0.9386752843856812
0,0.002329195849597454
1,1.0
1,0.9999992847442627
1,0.9999998807907104
1,0.9999998807907104
0,1.2406645737428335e-06
1,0.9971478581428528
0,0.9253110289573669
0,1.0280020887876162e-06
1,0.9999997615814209
0,0.0004823510826099664
1,1.0
1,1.0
1,1.0
1,0.9999992847442627
1,1.0
1,1.0
1,1.0
1,0.9978380799293518
0,0.004826649557799101
1,0.9999998807907104
1,1.0
1,1.0
1,1.0
1,1.0
1,0.9999994039535522
1,1.0
1,0.9999990463256836
1,1.0
0,0.8481717705726624
1,1.0
1,0.9999278783798218
0,6.804706913499103e-07
1,0.9999375343322754
1,0.9999867677688599
0,0.0011455847416073084
1,1.0
0,2.7827578378492035e-05
0,0.15864962339401245
1,0.9983609318733215
0,0.00723625672981143
1,0.0058617196045815945
1,0.9999996423721313
1,0.9999951124191284
1,0.9999991655349731
0,0.1977885365486145
1,1.0
0,0.00048374346806667745
0,0.005331153050065041
1,1.0
1,1.0
1,0.9929526448249817
1,0.9979593753814697
0,7.961582014104351e-05
0,0.0019370901864022017
1,0.9999555349349976
1,0.9999980926513672
1,0.9999996423721313
1,1.0
1,0.02744191512465477
1,0.9999423027038574
1,0.9999997615814209
1,0.9999997615814209
1,0.9999984502792358
0,4.980222729500383e-05
0,0.07524008303880692
0,0.0006371092749759555
1,0.9996440410614014
1,0.9999732971191406
1,1.0
0,4.54848850495182e-05
0,7.402969117720204e-07
1,0.9999998807907104
0,6.084598680899944e-06
1,0.00010251322237309068
0,6.49257253826363e-06
1,0.9999997615814209
1,1.0
0,0.0021470370702445507
1,3.93660411646124e-05
1,1.0
0,1.7866534562926972e-07
0,0.42158007621765137
0,0.10612264275550842
0,0.00011452934268163517
0,0.0018024224555119872
0,0.0001831451809266582
0,2.9870916478103027e-05
0,1.5177238310570829e-06
0,3.0217138373700436e-06
0,2.6701962951847236e-07
0,0.6297367215156555
0,0.03320266678929329
1,0.969704270362854
1,1.0
1,0.6408812999725342
1,0.3623479902744293
1,0.9997982382774353
0,0.9872527718544006
1,0.9999998807907104
0,9.014469469548203e-06
1,0.999956488609314
1,0.9956070780754089
1,1.0
1,0.9999960660934448
0,8.215401612687856e-05
1,1.0
1,0.9148815274238586
1,1.0
0,0.0004700049466919154
0,0.0007008243119344115
1,1.0
1,0.9999967813491821
1,1.0
0,0.017195304855704308
1,1.0
1,1.0
1,0.9926596283912659
0,0.000642591156065464
0,6.151738034532173e-06
0,6.297585514403181e-06
0,5.6207600351854126e-08
1,1.0
0,7.329215441131964e-05
0,0.7556014657020569
0,0.007638930808752775
1,0.9999998807907104
0,8.529636374987604e-08
0,0.9971332550048828
1,0.9999977350234985
0,0.12187869101762772
1,1.0
1,1.0
1,0.9999889135360718
1,0.999963641166687
1,0.9879282116889954
1,1.0
0,0.1019158586859703
1,0.9999982118606567
1,1.0
1,1.0
1,0.9941374063491821
0,2.472447704349179e-07
0,9.065401536645368e-05
1,0.9999998807907104
0,0.7292545437812805
0,0.01054815948009491
1,0.9999394416809082
1,1.0
1,1.0
1,1.0
1,1.0
1,0.920482873916626
1,1.0
1,0.9999794960021973
0,1.054196559380216e-06
0,0.037231650203466415
1,0.9999958276748657
0,0.014454399235546589
0,0.0023734900169074535
0,0.05774785205721855
0,0.2843679189682007
0,0.13902059197425842
1,0.9998389482498169
0,5.75841158934054e-06
1,0.9999920129776001
1,1.0
0,0.07526874542236328
0,1.1506193686727784e-06
0,0.6754168272018433
1,1.0
1,0.99952232837677
1,0.9954038858413696
0,0.00017025541455950588
1,0.9999369382858276
0,0.004657008219510317
1,0.9996170997619629
0,0.9060288071632385
0,4.997014713126191e-08
1,1.0
1,1.0
0,0.03161393478512764
0,0.6954728364944458
1,1.0
0,0.6339569091796875
1,0.9999996423721313
0,0.00015181761409621686
0,0.0004801761533599347
1,0.14248591661453247
0,0.007101617753505707
1,0.993695080280304
1,1.0
1,0.9999953508377075
1,0.999139666557312
1,1.0
0,0.14216651022434235
1,0.9999116659164429
0,0.09903641045093536
1,0.9999998807907104
0,0.009035957045853138
1,0.9935184121131897
1,0.9999229907989502
0,0.15610070526599884
1,0.9999607801437378
1,1.0
1,1.0
1,0.9997449517250061
1,0.9918547868728638
1,0.9999992847442627
0,0.07426280528306961
0,2.7351529752195347e-06
0,1.7821813003138232e-07
1,1.0
0,0.008548310957849026
1,1.0
1,0.9999145269393921
1,1.0
1,0.9999998807907104
0,3.003568451731553e-07
0,0.034265439957380295
0,0.04264286160469055
0,0.00023330975091084838
1,0.9999992847442627
1,1.0
1,1.0
1,1.0
1,1.0
0,0.9958341121673584
1,1.0
0,0.009843961335718632
1,0.3899519443511963
1,1.0
0,5.5344600696116686e-05
1,1.0
1,1.0
1,1.0
0,2.8465308787417598e-05
0,0.3094885051250458
1,0.9999585151672363
1,1.0
1,1.0
1,0.9891892671585083
1,1.0
1,0.9988848567008972
0,0.501855731010437
1,1.0
0,0.0028830335941165686
0,0.055579692125320435
0,0.013250866904854774
0,0.0372188501060009
1,1.0
1,0.9999738931655884
1,0.011968623846769333
0,0.9152592420578003
0,0.04406179115176201
1,0.9999980926513672
0,0.0033497994299978018
0,0.5482369661331177
1,0.9999996423721313
0,0.09097930043935776
1,0.9999986886978149
1,0.9999823570251465
0,2.2815527700004168e-05
1,0.9987321496009827
0,4.620517870534968e-07
1,0.7485763430595398
1,0.987881064414978
1,0.9769476652145386
1,1.0
1,1.0
1,1.0
1,0.8702623844146729
0,3.424775911753386e-07
0,0.00010238642425974831
0,0.0006328087183646858
1,0.9999967813491821
0,0.03945966064929962
0,0.31447896361351013
0,0.0001661485293880105
1,0.9999998807907104
0,0.0003582224599085748
0,0.6516309380531311
0,0.0005459407111629844
1,0.9998637437820435
1,0.9999407529830933
0,0.00019258617248851806
1,0.999995231628418
1,0.8680688142776489
1,0.8050729632377625
1,0.999832272529602
1,1.0
1,0.9999896287918091
0,0.011961452662944794
0,0.21342773735523224
0,0.0020192195661365986
1,0.9980196952819824
0,2.1173113054828718e-05
0,0.23323817551136017
1,1.0
1,0.9928394556045532
1,1.0
1,0.9222633838653564
1,0.9999977350234985
1,0.9999102354049683
1,0.9991645812988281
0,2.1892086806474254e-05
1,1.0
1,0.9277903437614441
0,0.0005469840252771974
1,0.9978199005126953
1,1.0
1,0.9802606701850891
0,0.0011102505959570408
0,1.8031241779681295e-05
1,0.9997522234916687
1,1.0
1,0.9981495141983032
0,7.35754065317451e-06
1,0.9995254278182983
1,0.9999802112579346
1,1.0
1,0.9991193413734436
1,0.9999998807907104
0,0.009525944478809834
1,1.0
1,0.9999254941940308
0,0.02892547845840454
1,0.9344276189804077
1,0.9999681711196899
1,5.402988608693704e-05
1,0.9998899698257446
0,0.017517853528261185
1,0.9999994039535522
1,0.2829597294330597
0,0.1593708097934723
1,1.0
1,0.9999922513961792
1,0.9975190162658691
1,0.9999998807907104
0,3.138796273560729e-06
0,0.22528618574142456
1,1.0
1,0.9993162155151367
1,0.004508852958679199
1,0.9963809847831726
1,0.9999902248382568
0,3.09954145905067e-07
1,1.0
1,0.9634960293769836
0,0.9408541917800903
0,1.9513896404532716e-05
1,0.9999998807907104
0,0.000138596078613773
1,0.9991974234580994
0,2.452791022733436e-06
1,1.0
1,0.999934196472168
0,0.2083999514579773
0,3.7836067349417135e-05
0,1.9342240193509497e-05
0,0.006810672115534544
1,0.9999998807907104
1,1.0
1,0.9999995231628418
0,1.1456752872618381e-05
0,0.0006131776026450098
0,0.03509107232093811
1,1.0
1,0.9997898936271667
1,0.7271263599395752
1,0.9996194839477539
0,1.9219651221646927e-05
1,0.9266841411590576
1,1.0
0,0.014488055370748043
0,0.7297325134277344
0,0.00015080059529282153
0,6.694598368994775e-07
1,1.0
0,0.19488923251628876
0,0.3856840133666992
0,0.0022771789226680994
1,0.9999556541442871
1,0.9999566078186035
0,0.0037066275253891945
1,1.0
0,6.0584384300454985e-06
1,1.0
0,0.20173659920692444
0,0.060375604778528214
1,0.42614221572875977
0,2.1186876892898e-06
0,2.0233429154359328e-07
1,0.999998927116394
0,0.014283685944974422
1,0.9200709462165833
1,1.0
1,1.0
1,1.0
0,0.1599363386631012
0,0.03379780426621437
0,0.00045242777559906244
0,0.0007333198445849121
1,0.9994320273399353
1,1.0
1,1.0
1,1.0
1,0.9999967813491821
1,0.9978512525558472
0,0.02636643871665001
1,0.9999998807907104
1,1.0
1,0.9958032965660095
1,1.0
1,1.0
1,0.9999834299087524
1,1.0
0,0.008230043575167656
0,0.9991820454597473
1,0.9939215183258057
0,0.06084087863564491
1,0.3262850344181061
1,0.9999575614929199
1,1.0
0,3.250601002946496e-05
0,0.5947456955909729
1,1.0
1,0.9999979734420776
1,1.0
1,1.0
1,0.9999995231628418
1,1.0
1,1.0
1,1.0
1,0.002727894578129053
0,1.6247760868282057e-05
1,1.0
1,1.0
0,0.49548420310020447
0,0.0001858509349403903
1,0.9999990463256836
0,0.689007580280304
0,0.07339109480381012
1,0.0014683371409773827
1,0.9999967813491821
0,0.9695576429367065
1,5.804049578728154e-05
0,5.240028713160427e-07
1,1.0
1,0.9999027252197266
0,0.0009880102006718516
1,0.9861627221107483
1,1.0
1,1.0
0,8.725250921770566e-08
1,0.7827715873718262
1,0.9999915361404419
1,1.0
0,4.519127105595544e-05
0,0.39367467164993286
0,0.37631285190582275
0,0.2554905116558075
1,0.9975950121879578
1,1.0
1,0.9211568832397461
0,1.8152306324736855e-07
1,0.03411773964762688
0,0.929374635219574
0,0.003947489429265261
1,1.0
0,0.07155981659889221
0,0.6162824034690857
1,0.9512292146682739
1,0.9999977350234985
0,9.67032860899053e-07
1,1.0
1,0.9999998807907104
1,0.9999998807907104
1,1.0
0,2.7166981453774497e-05
1,0.9999266862869263
1,0.9999302625656128
0,0.029742062091827393
1,1.0
1,0.0892651304602623
0,0.022548861801624298
1,0.9999998807907104
1,0.9997368454933167
1,0.9999998807907104
1,0.9998699426651001
1,0.9858899116516113
1,0.9999991655349731
1,0.999990701675415
0,1.0744970495579764e-05
1,0.9999809265136719
1,0.9999440908432007
1,0.999950647354126
0,0.0016158559592440724
1,1.0
0,0.0016951719298958778
1,0.8782487511634827
1,1.0
1,0.3076605796813965
1,0.9998979568481445
1,1.0
1,0.2344139963388443
1,0.03675523027777672
1,1.0
0,4.8775223149277736e-06
0,0.017813004553318024
0,0.00040049711242318153
1,1.0
0,0.1280185580253601
0,0.007099251262843609
1,0.9995710253715515
1,1.0
1,1.0
0,0.001502661849372089
0,0.2676212191581726
1,0.9999984502792358
0,0.0004112948663532734
0,0.0014638785505667329
1,0.9999996423721313
0,0.012817207723855972
0,0.0032545679714530706
1,0.9165294170379639
0,0.00921133253723383
0,0.00833987072110176
0,1.0810444109665696e-05
1,1.0
1,1.0
1,0.9999997615814209
1,1.0
1,0.9999997615814209
0,1.7525123894301942e-06
1,0.9998916387557983
1,1.0
1,0.6087672710418701
0,1.2876606660938705e-06
1,0.011313156224787235
1,1.0
0,0.0002204698685090989
0,1.4765922969672829e-05
0,7.194784757302841e-06
1,0.9999998807907104
0,0.23740878701210022
0,0.00022233767958823591
1,0.9995775818824768
1,1.0
0,3.409293469758268e-08
1,0.9993984699249268
1,0.9952463507652283
1,1.0
1,0.9998772144317627
0,2.240825097032939e-06
0,0.004627885762602091
1,1.0
1,0.998659610748291
1,1.0
1,0.9999599456787109
1,0.016111277043819427
0,1.726145342217933e-06
1,0.004774955101311207
1,1.0
1,1.0
0,1.0220078365819063e-05
1,0.9920434355735779
0,0.00015343095583375543
0,0.9921262264251709
1,0.5724896192550659
0,0.7885246872901917
1,1.0
1,0.4866897463798523
0,6.9106263254070655e-06
1,1.0
1,0.9999980926513672
1,1.0
0,0.0017866988200694323
0,2.5864466124403407e-07
0,0.9702360033988953
1,1.0
0,0.0135691799223423
1,0.9814519286155701
0,0.03167883679270744
0,4.017521860077977e-05
0,0.023204149678349495
0,3.18794974418779e-07
0,9.751425386639312e-05
0,0.0028767334297299385
1,1.0
1,0.9984433054924011
1,1.0
1,1.0
1,0.8175482153892517
0,0.0182744562625885
1,1.0
0,0.00010839598689926788
1,0.999984860420227
1,0.3045533001422882
1,0.9653635621070862
1,1.0
0,1.3627619637190946e-06
1,0.9998947381973267
1,1.0
0,3.472232128842734e-05
0,0.47859475016593933
1,1.0
1,0.9999964237213135
1,0.9987653493881226
1,0.9976757168769836
1,0.9986968636512756
0,0.0006617071921937168
1,0.9999603033065796
0,0.30221766233444214
1,1.0
0,3.5245350318291457e-06
1,0.0193238016217947
0,0.40926414728164673
0,0.5972052812576294
1,1.0
1,0.9411768913269043
1,1.0
0,0.31038761138916016
0,4.1121461435977835e-07
1,0.9453428983688354
0,8.329791256755925e-08
1,1.0
1,0.9999985694885254
1,1.0
1,0.729810357093811
1,0.9999997615814209
1,0.9001889824867249
0,1.7078753444366157e-05
0,0.9713975191116333
0,6.700476205878658e-06
1,1.0
1,1.0
1,1.0
0,2.0799132016691146e-06
1,1.0
1,0.9999805688858032
0,0.09880245476961136
0,0.0002749999985098839
1,1.0
1,0.05631138011813164
1,0.9982206225395203
1,0.9999889135360718
1,1.0
0,0.003823143197223544
1,0.003497048281133175
1,1.0
0,0.007615997456014156
1,1.0
0,2.2057731712266104e-06
0,0.129961758852005
1,0.9999948740005493
0,0.9995725750923157
0,3.500317006910336e-06
1,0.9914549589157104
1,0.9999996423721313
0,0.27317705750465393
0,0.7594646215438843
0,0.00040811492362990975
1,1.0
0,0.0010291154030710459
0,8.230230378103442e-06
0,0.0014228527434170246
0,0.9426592588424683
1,0.9999991655349731
1,0.14034348726272583
1,0.8544987440109253
0,8.506149811182695e-07
1,0.999996542930603
0,0.002969065448269248
0,3.24916214822224e-07
1,0.999998927116394
0,0.048973146826028824
1,0.9999920129776001
1,1.0
1,0.29056522250175476
1,1.0
1,1.0
1,0.01436646655201912
0,0.0003919571463484317
1,0.9999996423721313
0,0.365498811006546
1,0.9999216794967651
0,7.926303806016222e-05
1,0.07691126316785812
0,0.33964428305625916
0,0.004419022239744663
1,1.0
0,5.323079932395558e-08
0,0.00025616781204007566
1,0.9978589415550232
1,1.0
1,0.9999405145645142
1,0.9999979734420776
1,0.367229163646698
1,1.0
1,0.1972334384918213
1,1.0
1,0.9999775886535645
1,0.98182213306427
1,1.0
1,0.9999996423721313
1,1.0
1,0.9813388586044312
0,0.04619045555591583
1,1.0
1,1.0
1,0.9954820871353149
0,0.12208190560340881
1,1.0
1,1.0
0,1.115837676479714e-06
0,0.0012008058838546276
1,1.0
1,1.0
1,0.999638557434082
1,0.15615689754486084
1,0.9979830980300903
0,7.334074894060905e-07
1,1.0
1,0.9999997615814209
1,0.9995673298835754
1,1.0
1,0.9858625531196594
0,0.0031272275373339653
1,1.0
0,6.083108019083738e-05
0,0.00029995047952979803
0,0.0005455404752865434
1,1.0
1,0.9999948740005493
1,1.0
1,1.0
1,0.9999829530715942
1,1.0
1,0.9982497096061707
1,0.9997193217277527
1,0.25809451937675476
1,1.0
0,0.0007704840390942991
1,0.9997376799583435
0,5.46493140518578e-07
0,3.0676073947688565e-06
0,9.582723578205332e-06
1,0.7316638231277466
1,0.14425408840179443
1,0.9999998807907104
0,5.8155845181318e-05
1,1.0
1,1.0
1,1.0
1,0.9999998807907104
0,0.006468096747994423
1,1.0
1,0.9944263696670532
0,0.0004282549489289522
1,0.9999929666519165
0,0.0005619290168397129
1,0.996606707572937
1,0.9730355143547058
1,0.9666793942451477
1,1.0
0,0.2899875342845917
0,0.4210505187511444
0,0.9214465618133545
1,0.9999988079071045
1,0.9931701421737671
1,1.0
0,5.989340934320353e-06
1,0.048026882112026215
0,0.0013779470464214683
1,0.9999991655349731
1,0.9999995231628418
1,1.0
0,1.9213530322303995e-05
1,0.9999940395355225
1,0.1777157038450241
1,0.9999997615814209
0,0.05339426547288895
1,1.0
1,0.9959420561790466
1,1.0
1,0.9999828338623047
1,0.6382764577865601
0,0.01927322708070278
0,2.1301984816091135e-05
0,0.3121781647205353
1,0.9999995231628418
1,0.9999986886978149
1,0.9999998807907104
0,0.042041290551424026
1,1.0
1,1.0
0,0.03265717625617981
1,0.9928366541862488
0,0.008908533491194248
0,9.71279077930376e-05
1,0.9999595880508423
1,1.0
1,0.8588131070137024
1,0.9999995231628418
0,0.005287126172333956
1,1.0
1,1.0
0,0.32424020767211914
1,1.0
1,0.9999943971633911
1,0.9999884366989136
0,0.0032181236892938614
1,0.9900029897689819
0,0.0003393515944480896
0,0.16454309225082397
1,1.0
0,1.3751015330853988e-06
1,1.0
1,1.0
1,0.9999995231628418
1,1.0
1,0.0010663341963663697
0,0.2924528121948242
1,1.0
1,0.913037896156311
1,0.9991810917854309
1,0.9784827828407288
0,0.00010105966794071719
1,0.9999797344207764
1,1.0
0,5.362072670322959e-07
0,0.15218661725521088
1,0.9489668607711792
0,5.4661481954099145e-06
0,3.467937403911492e-06
1,0.9751102328300476
0,0.0005119781708344817
1,1.0
0,0.021076885983347893
1,1.0
0,5.855170570612245e-07
1,1.0
1,0.9999903440475464
1,1.0
0,0.9558829665184021
1,0.9999740123748779
0,0.008801390416920185
1,1.0
1,0.999527096748352
0,0.0005581912118941545
1,1.0
1,1.0
1,0.9999929666519165
1,1.0
1,0.9999994039535522
1,1.0
1,1.0
1,1.0
1,0.9999983310699463
1,1.0
1,0.999998927116394
1,1.0
0,8.99320809821802e-07
1,0.999958872795105
1,1.0
1,0.13906842470169067
1,0.9999804496765137
1,1.0
1,0.9999423027038574
1,1.0
0,0.000745309516787529
1,1.0
1,0.999995231628418
1,0.9999947547912598
0,5.1518068175937515e-06
1,1.0
1,1.0
0,0.9773145318031311
1,0.00027213621069677174
1,1.0
1,1.0
0,0.17515859007835388
0,0.008448454551398754
1,0.9999995231628418
0,0.2613825798034668
0,0.07119235396385193
1,0.7456153631210327
1,0.9995649456977844
0,0.0007766648777760565
0,7.353325781878084e-05
0,2.647289147716947e-05
0,0.015729984268546104
1,0.5994872450828552
1,0.9999841451644897
1,1.0
0,1.9311341930006165e-06
1,0.9881048202514648
1,0.0352909229695797
0,6.489326551673003e-07
1,1.0
0,0.08264811336994171
0,0.6430273652076721
0,0.00363764725625515
0,0.192794069647789
1,0.08142228424549103
1,0.9966763257980347
1,1.0
1,1.0
1,0.9112138152122498
0,0.1928224116563797
0,0.038991399109363556
0,9.463238529860973e-05
1,0.284457802772522
0,4.2883802962023765e-06
1,1.0
1,0.9994441866874695
0,0.41829004883766174
1,0.9999995231628418
1,0.6824532151222229
0,0.03756289184093475
1,1.0
1,0.9849741458892822
1,0.9999947547912598
1,1.0
1,1.0
1,0.9999998807907104
1,1.0
0,0.009672700427472591
1,0.9998898506164551
0,3.2428422400698764e-06
1,1.0
1,0.9974154233932495
1,1.0
1,0.9999586343765259
1,0.9999041557312012
1,1.0
1,0.5918763875961304
1,0.9817199110984802
0,0.0012296255445107818
1,0.9599127173423767
0,0.0017059677047654986
1,1.0
1,0.9999998807907104
1,0.9999845027923584
0,9.846340981312096e-05
0,0.8798776268959045
0,0.43511927127838135
1,0.9999995231628418
0,6.671705705230124e-06
1,1.0
1,1.0
1,1.0
0,0.006492109969258308
1,0.10233190655708313
1,0.9999141693115234
1,1.0
0,7.293620001291856e-07
0,1.664286770619583e-07
0,7.276220276253298e-05
1,0.481219619512558
1,0.9951802492141724
0,1.080776382877957e-05
0,3.968931196141057e-05
0,0.2773247957229614
1,1.0
1,0.8222562670707703
1,1.0
0,0.010416518896818161
0,0.01871689036488533
0,0.09704688936471939
0,1.9334709122631466e-06
1,1.0
0,2.955422814920894e-06
1,0.999743640422821
1,0.999748170375824
1,0.9999988079071045
0,0.014204680919647217
1,0.27407094836235046
0,0.14100398123264313
0,0.006521535571664572
1,1.0
0,0.35280606150627136
1,1.0
1,1.0
1,0.8804692029953003
1,0.9999971389770508
1,0.9999979734420776
0,1.543963844596874e-05
1,1.0
0,0.7893074750900269
0,0.009217862971127033
0,1.4768787650609738e-06
1,0.9998255372047424
1,0.9999905824661255
0,0.0008158113923855126
1,0.6848017573356628
1,0.9997043013572693
1,0.2557254731655121
1,0.9998347759246826
1,1.0
0,0.0343080535531044
1,0.994421660900116
1,1.0
1,0.1624462902545929
0,0.017955848947167397
0,0.6739325523376465
0,0.057922013103961945
1,0.9999998807907104
1,0.9981805086135864
0,0.0644419714808464
0,6.498163998003292e-07
0,0.00015331995382439345
0,0.005764641799032688
0,0.012025001458823681
1,0.9967504739761353
0,0.05071984976530075
1,1.0
1,1.0
0,1.39416101774259e-06
0,1.913295818667393e-06
1,1.0
0,0.0350896455347538
1,0.9995405673980713
1,0.05924444645643234
0,2.0971312551409937e-05
0,7.854754221625626e-05
0,0.03291260823607445
1,0.9999992847442627
1,1.0
1,0.9999998807907104
1,0.9977290034294128
0,0.004775605164468288
0,0.00108180136885494
1,1.0
0,0.015792327001690865
1,0.9737789630889893
1,1.0
0,0.17952364683151245
0,0.025363966822624207
0,2.801252207973448e-07
1,0.999998927116394
1,0.9995266199111938
1,0.9999977350234985
0,0.1823427528142929
1,1.0
1,1.0
0,9.268165740650147e-06
0,8.215857860705e-07
1,0.9984602928161621
1,0.9999879598617554
0,0.03558550029993057
0,4.904413435724564e-05
1,0.9994791150093079
1,6.498000584542751e-05
1,0.9999998807907104
1,1.0
0,0.8932011127471924
1,0.9754265546798706
1,0.9999998807907104
1,1.0
0,0.11999142169952393
1,0.5922861099243164
1,0.9995792508125305
1,0.9999997615814209
1,0.9913861751556396
1,1.0
0,1.40409372306749e-06
1,1.0
0,3.471874515525997e-05
1,0.36736926436424255
1,0.007717252243310213
1,0.9999463558197021
1,0.999998927116394
1,0.9999994039535522
0,0.006133733317255974
1,0.9999982118606567
1,0.9999998807907104
0,0.0004442295467015356
1,1.0
1,0.9999998807907104
1,0.9999983310699463
1,0.9999998807907104
0,5.769008453171409e-07
1,0.9998997449874878
1,0.9999990463256836
1,0.9951357245445251
1,1.0
1,0.9999998807907104
1,0.9999990463256836
0,0.997701108455658
1,1.0
1,0.9998486042022705
1,0.9999585151672363
0,0.00476136663928628
0,0.0014426297275349498
0,1.112636073230533e-05
0,2.7789972591563128e-05
1,1.0
1,0.999974250793457
1,1.0
1,1.0
0,5.225484983384376e-06
1,1.0
0,0.019530370831489563
1,1.0
1,1.0
1,1.0
1,0.10579055547714233
0,6.057519840396708e-06
0,0.0113191157579422
1,1.0
1,0.9999939203262329
0,6.907476404194313e-07
1,0.22706297039985657
1,0.9999954700469971
1,1.0
1,0.9999998807907104
0,4.3977856876153965e-06
1,0.9999768733978271
1,0.999998927116394
0,0.026071997359395027
0,0.49469637870788574
1,0.22054339945316315
0,0.008190690539777279
1,0.9999942779541016
0,9.682042900749366e-08
1,0.9947019219398499
1,0.961551308631897
1,0.9999099969863892
1,1.0
1,1.0
0,6.433995167753892e-07
0,0.954910933971405
0,0.0002749192644841969
0,0.015585381537675858
0,3.498032674542628e-05
1,0.0010235820664092898
1,0.9999997615814209
0,0.6789149641990662
1,0.8281213045120239
0,3.485292836558074e-05
1,0.9992928504943848
1,1.0
1,1.0
0,5.922663603996625e-06
0,6.928430138941621e-06
0,0.057045307010412216
0,0.0790780782699585
1,0.9992226362228394
1,0.999998927116394
0,5.113226961839246e-06
0,0.000443734839791432
0,4.167777206021128e-06
0,0.5446686744689941
1,0.9996564388275146
0,1.5425333913299255e-05
1,1.0
0,5.247269996289106e-07
0,2.2395304313249653e-06
1,0.8969234824180603
1,1.0
1,1.0
0,0.0012155395234003663
0,3.055034903809428e-05
0,0.021214831620454788
1,0.9999904632568359
1,0.9999842643737793
1,1.0
1,0.9999998807907104
0,0.005064638331532478
1,1.0
1,1.0
1,0.9999998807907104
0,0.001123438705690205
1,1.0
1,1.0
0,0.00033286152756772935
0,0.07571513205766678
0,0.007452350575476885
1,0.5804365873336792
1,0.3081763982772827
0,4.536036158242496e-06
1,1.0
1,1.0
0,0.01702933758497238
1,0.9800822138786316
0,2.824374496412929e-05
1,1.0
0,0.00017534852668177336
1,0.9999914169311523
1,0.9756436944007874
1,1.0
0,1.5812306628504302e-06
1,1.0
1,0.9422613382339478
0,0.850674033164978
1,0.9999998807907104
1,0.9999985694885254
1,0.016853785142302513
1,1.0
1,0.9999468326568604
0,0.2811298072338104
0,1.8627765996370726e-08
0,0.0010911421850323677
1,1.0
1,1.0
1,0.9995379447937012
1,1.0
0,2.0642351955757476e-05
1,0.9998260140419006
1,0.9999995231628418
1,1.0
1,0.9999998807907104
1,1.0
1,0.9999555349349976
1,1.0
1,1.0
1,0.9958004355430603
1,0.35175812244415283
1,1.0
0,0.016476286575198174
1,1.0
1,0.999997615814209
1,0.9924266338348389
1,0.999496579170227
1,1.0
1,1.0
1,0.9999903440475464
0,1.5543912013527006e-05
0,0.000240895853494294
1,1.0
1,0.9999997615814209
1,1.0
1,0.9999998807907104
0,0.0040678596124053
1,0.9996165037155151
1,0.0027920296415686607
1,0.9414119124412537
1,0.9999955892562866
1,0.888207197189331
1,0.9999997615814209
1,0.5864476561546326
1,1.0
0,4.038325641886331e-05
1,0.29665952920913696
1,0.9999998807907104
1,0.9951783418655396
1,0.9987642765045166
1,0.999995231628418
1,0.9999994039535522
0,2.4549121008021757e-05
1,0.08454731851816177
1,1.0
0,7.731424557277933e-05
0,0.06169148534536362
1,0.999998927116394
0,1.3832463082508184e-05
1,0.9960565567016602
0,3.405679308343679e-05
1,0.33613860607147217
1,1.0
1,0.9999988079071045
1,0.9999998807907104
1,0.9369363188743591
1,1.0
0,0.10585171729326248
0,0.0063065215945243835
1,0.7970266342163086
0,1.2686075024248566e-05
1,1.0
1,1.0
1,0.3742394745349884
0,2.1578298969870957e-07
1,0.9999997615814209
1,1.0
0,0.2007775902748108
0,0.013486502692103386
1,1.0
0,0.0020046187564730644
1,0.9999953508377075
1,1.0
0,2.5846595235634595e-05
1,1.0
1,0.5482050776481628
0,6.828448476881022e-06
0,7.900503078417387e-06
0,7.396824366878718e-05
1,1.0
1,0.9999985694885254
1,1.0
1,1.0
1,1.0
1,1.0
1,1.0
0,9.009801260617678e-07
1,0.7919285893440247
1,0.9999978542327881
0,0.02167334221303463
1,1.0
1,1.0
1,1.0
1,1.0
1,1.0
0,0.856171190738678
1,1.0
0,0.9864420890808105
1,0.9999974966049194
1,0.999847412109375
1,0.9999997615814209
1,0.013493730686604977
1,0.9975932240486145
0,0.008788329549133778
0,3.78946758416987e-08
1,1.0
0,8.663055268698372e-07
0,1.3767227756034117e-05
1,1.0
1,0.6890732049942017
1,1.0
1,1.0
0,0.007358964532613754
1,1.0
1,0.9999165534973145
1,0.9999406337738037
1,0.9431935548782349
0,0.0027153869159519672
0,0.5725565552711487
0,0.00017144251614809036
1,1.0
0,1.671567133598728e-06
0,0.0008754239534027874
0,0.003134646685793996
0,0.0010932033183053136
0,0.0031238074880093336
0,7.536672796959465e-08
0,0.7828366160392761
0,1.9237138531025266e-06
1,1.0
1,0.20666755735874176
0,0.0015621694037690759
1,1.0
0,0.003957015927881002
0,0.0034095628652721643
0,0.6196642518043518
0,0.001447218470275402
1,0.999997615814209
0,0.1747632771730423
0,3.325257421238348e-05
0,0.0006221845978870988
0,2.9397374419204425e-06
1,0.9999990463256836
0,0.9847433567047119
1,1.0
1,0.9999881982803345
1,0.9034377932548523
0,0.0039807213470339775
1,1.0
1,0.9999992847442627
1,0.8286798596382141
1,0.9999994039535522
1,0.9999990463256836
1,1.0
0,0.15102127194404602
1,0.9999960660934448
1,0.9955604076385498
1,1.0
1,1.0
0,0.001001868862658739
1,1.0
1,1.0
1,1.0
0,0.00014326041855383664
1,1.0
1,0.7863917946815491
1,0.7768311500549316
0,2.9852426450815983e-06
1,0.9996665716171265
1,0.9904816746711731
0,8.070862531894818e-05
1,0.9986569881439209
1,1.0
1,0.9991512298583984
0,0.7055197954177856
0,2.0867904026999895e-07
0,0.014670360833406448
0,0.0019131957087665796
0,3.0220364351407625e-05
1,1.0
1,1.0
1,0.993503749370575
0,0.009855885058641434
1,0.39943134784698486
1,1.0
1,0.053287941962480545
0,1.8207269022241235e-05
1,0.6961840987205505
0,0.006021994631737471
0,0.0001654923689784482
1,1.0
1,0.9999998807907104
1,0.9999568462371826
1,0.9999996423721313
1,1.0
1,0.9378764629364014
1,1.0
1,1.0
1,1.0
0,0.8827426433563232
1,1.0
0,8.503136086801533e-06
1,0.9790059924125671
0,0.0907864049077034
1,0.9995291233062744
0,1.1433090548962355e-05
1,0.9999518394470215
1,0.9999994039535522
1,1.0
1,0.9999997615814209
0,1.2497336001615622e-06
1,0.0015794270439073443
1,0.9999996423721313
1,0.9999995231628418
0,2.0668943761847913e-05
1,0.9999998807907104
1,1.0
1,1.0
1,1.0
1,0.9907554984092712
0,0.00010648754687281325
0,7.050563510802021e-08
0,0.9425396919250488
1,0.9999947547912598
1,0.9999885559082031
0,0.00012217412586323917
0,0.0007136770291253924
1,0.7658408880233765
1,1.0
1,0.5772001147270203
0,0.0015773357590660453
0,0.7719681859016418
1,4.2933275835821405e-05
1,0.9987165927886963
1,0.9999978542327881
0,1.4399302926904056e-05
1,0.9999371767044067
1,0.4928855299949646
0,0.0021121155004948378
0,8.89276634552516e-07
0,0.5273789167404175
1,1.0
1,0.9999998807907104
1,1.0
1,1.0
1,1.0
0,1.550602428324055e-05
0,0.005260145757347345
0,0.0007154042250476778
1,0.9999953508377075
0,0.01965850405395031
1,0.9999988079071045
1,0.1282927393913269
1,1.0
1,0.9999974966049194
0,4.809172082786972e-07
0,4.3223420220783737e-07
0,0.00030497857369482517
0,6.284122719080187e-06
0,0.7665283679962158
0,0.0024660960771143436
1,0.9999988079071045
0,7.939250281197019e-06
0,4.810226982954191e-06
1,0.8846102952957153
0,0.039318379014730453
0,4.534581967163831e-05
0,2.1171142634557327e-06
0,4.316436843510019e-06
1,0.9998745918273926
0,0.023974763229489326
0,0.00012394091754686087
1,0.20573782920837402
1,0.9993317723274231
1,1.0
1,0.893237829208374
0,0.00031987164402380586
1,0.999998927116394
0,0.00551971048116684
0,0.02139287441968918
1,1.0
0,0.0063619427382946014
1,0.9992738366127014
1,0.9999970197677612
1,1.0
1,0.9999244213104248
0,0.000860822678077966
1,0.8643754124641418
0,0.0007618240779265761
1,1.0
1,0.9999998807907104
0,0.003536175237968564
0,0.9834814667701721
0,4.65093798993621e-05
0,0.016461210325360298
1,0.9935686588287354
1,0.9993484616279602
1,1.0
1,0.9999979734420776
1,0.9999996423721313
1,0.9999972581863403
1,0.9990772008895874
1,0.9991872906684875
0,0.31160739064216614
0,4.347468711785041e-05
1,0.9952404499053955
0,1.5546180293313228e-05
1,1.0
1,1.0
0,2.9909855925325246e-07
0,0.0004144233535043895
1,1.0
0,0.9998446702957153
1,0.9999898672103882
1,1.0
1,0.6135900616645813
1,0.9998956918716431
1,1.0
1,0.9171256422996521
0,1.9602305201260606e-06
1,1.0
1,0.9967097043991089
0,0.0701475515961647
1,0.7105153203010559
1,1.0
1,0.9999983310699463
1,0.9999719858169556
0,0.003276445437222719
0,0.002162450458854437
0,0.00019530730787664652
0,0.14115837216377258
0,0.4494573771953583
1,0.9999996423721313
1,1.0
0,0.15250694751739502
0,4.961857484886423e-05
0,1.6821007875478244e-07
0,1.9379974673938705e-06
0,0.003793010488152504
1,0.9999978542327881
1,0.00233295070938766
0,0.4280421733856201
1,1.0
1,0.00017425217083655298
1,0.9999995231628418
1,0.9999978542327881
0,4.8410097406303976e-06
1,0.999998927116394
1,0.9999994039535522
0,5.978966441944067e-07
1,0.9997841715812683
1,1.0
1,0.9999964237213135
0,0.6893541812896729
0,4.0597093175165355e-05
1,0.9999998807907104
1,1.0
1,1.0
0,0.0006297426880337298
1,0.999737560749054
1,0.999998927116394
0,0.0012735952623188496
1,0.6306546926498413
1,0.9999815225601196
0,1.5060261659982643e-07
1,0.9999991655349731
0,0.0002086919848807156
1,0.0008996238466352224
0,0.0076530189253389835
0,0.00030823727138340473
0,6.803859287174419e-05
1,1.0
0,3.548636300365615e-07
1,0.9975243210792542
0,0.0011527795577421784
0,4.5025572035228834e-05
1,0.9999998807907104
1,0.999998927116394
1,0.9992284774780273
1,1.0
1,1.0
1,0.0007008740794844925
0,0.0003022091987077147
1,0.9999998807907104
1,0.9601829051971436
1,0.9996324777603149
0,0.0011356977047398686
0,0.015233099460601807
0,4.024613645015052e-06
1,1.0
0,0.0248524509370327
0,5.5282620451180264e-05
1,0.9999828338623047
1,0.07975727319717407
1,0.9999915361404419
0,0.0024662285577505827
1,0.0062174019403755665
1,0.8364347815513611
0,0.1825910061597824
1,0.999998927116394
0,2.4495706384186633e-05
1,0.9999979734420776
0,1.9236538719269447e-05
1,1.0
1,0.9999597072601318
1,0.02949170395731926
1,0.9999226331710815
1,1.0
0,0.0014255151618272066
1,0.9964767098426819
0,7.905507663963363e-05
0,1.6854407647315384e-07
0,0.00553850969299674
1,0.9994832277297974
1,0.9999598264694214
1,1.0
1,1.0
0,0.0007425138610415161
1,0.38344472646713257
1,0.9999780654907227
0,0.03497885912656784
0,0.00010562509123701602
1,1.0
1,1.0
1,0.9998419284820557
0,0.0305962972342968
1,0.9999929666519165
1,0.9948948621749878
1,1.0
1,0.9999982118606567
1,1.0
1,0.9999997615814209
1,0.9815705418586731
0,0.0004414249851834029
1,0.999998927116394
1,1.0
0,0.00614521699026227
1,0.9999997615814209
0,0.5782842636108398
0,0.7520128488540649
0,0.13138657808303833
0,0.0007783971377648413
1,0.49288368225097656
0,0.004275922197848558
1,1.0
0,5.959572808933444e-05
0,0.00039386365097016096
0,0.018125467002391815
1,1.0
0,8.037838597374503e-06
1,0.9999955892562866
1,0.9993014335632324
1,0.47485587000846863
1,0.9938322305679321
1,1.0
0,0.0008025767747312784
1,0.9999972581863403
0,0.0001377628359477967
1,0.7941761016845703
1,1.0
1,1.0
1,1.0
1,1.0
0,0.001902886084280908
1,1.0
1,0.9999645948410034
0,0.000370094901882112
1,1.0
0,0.002014814643189311
1,1.0
1,0.9999996423721313
0,4.809828533325344e-05
0,1.725918252759584e-07
0,0.0010145801352337003
1,0.9989822506904602
0,0.042758241295814514
1,1.0
1,1.0
0,0.09715025126934052
1,0.999998927116394
1,1.0
1,0.99830162525177
1,0.9999964237213135
0,0.999208390712738
0,0.05084691196680069
0,1.0043378324553487e-06
1,0.8347151875495911
1,0.9999996423721313
1,0.9993913173675537
1,0.9982545971870422
1,0.4952107071876526
1,0.9999212026596069
1,0.9939050078392029
1,0.9993239641189575
1,1.0
1,0.9999760389328003
1,1.0
1,0.9999998807907104
1,0.9999942779541016
1,1.0
1,0.9999998807907104
1,0.9999967813491821
0,0.1573929786682129
1,0.006525280885398388
1,0.9999974966049194
1,0.6795122623443604
1,1.0
0,1.2667263945331797e-05
1,0.999998927116394
1,1.0
0,5.7269073295174167e-05
0,3.2761024613137124e-06
0,0.3170081079006195
1,1.0
0,0.00024479348212480545
0,1.1299504876660649e-05
0,0.9975820779800415
0,0.29682132601737976
0,0.004572928883135319
1,0.00027746244450099766
1,1.0
1,0.9999676942825317
1,0.9999978542327881
1,1.0
1,0.9995693564414978
0,0.03249243646860123
1,0.9999935626983643
1,1.0
0,0.0064469631761312485
1,0.9863770604133606
1,1.0
0,0.00017076332005672157
1,0.9998152852058411
1,0.9999995231628418
0,4.683301995100919e-06
1,0.9959176182746887
0,9.705394404591061e-06
1,1.0
0,0.0003163059882353991
0,1.1867574301049899e-07
1,0.6617686152458191
1,0.00424925284460187
0,2.1055078832432628e-05
1,0.9999983310699463
1,0.09248042851686478
0,1.4604664784201304e-06
1,0.826739490032196
0,0.05082342028617859
1,0.9967719912528992
1,1.0
1,0.9870747327804565
1,0.9998586177825928
1,0.9998118281364441
0,0.019576169550418854
0,0.0007804169435985386
1,0.9898263216018677
0,0.8743433952331543
0,0.33582136034965515
1,0.9999998807907104
1,0.9800118207931519
0,0.00033207450178451836
0,0.4157164990901947
1,0.9848511815071106
1,1.0
0,5.314631835062755e-06
1,0.9439764618873596
1,0.006018077023327351
0,1.1949142617595498e-06
1,0.9995602965354919
0,0.00017161374853458256
0,0.0003195869503542781
0,0.024618452414870262
1,0.3233325779438019
0,0.059858907014131546
1,0.9999638795852661
0,0.00047769994125701487
1,0.9999963045120239
1,1.0
0,0.009692045859992504
0,0.0001279317948501557
1,0.9999963045120239
0,3.2434450986329466e-05
1,0.9999997615814209
1,1.0
0,0.003836598014459014
0,3.097649425853888e-08
1,0.8920890688896179
1,0.9999998807907104
0,0.08120118826627731
1,0.99998939037323
1,0.999996542930603
0,0.021348822861909866
0,0.2795236110687256
1,1.0
1,0.9999954700469971
0,0.00027671479620039463
1,1.0
1,0.8674572110176086
0,0.0006664732354693115
0,0.10376287996768951
1,0.9999998807907104
1,1.0
1,1.0
0,0.022773785516619682
0,0.03579096868634224
0,2.9595321748843162e-08
0,7.343907054746523e-05
1,0.9999741315841675
1,0.997632622718811
0,2.249969455192513e-08
1,0.9993624091148376
0,4.79918412565894e-07
1,0.9999300241470337
1,0.003059942740947008
0,5.404668854680494e-07
1,0.9998940229415894
1,1.0
0,0.002982123987749219
0,0.00019393501861486584
1,0.002399024786427617
1,0.9900610446929932
0,3.5072925896884044e-08
1,1.0
0,0.006656487472355366
1,0.0003100099565926939
1,1.0
1,1.0
1,0.9947372078895569
0,0.1298927217721939
1,0.9999985694885254
1,1.0
1,1.0
1,0.07162238657474518
0,0.001503514009527862
1,1.0
0,0.027768099680542946
1,0.9995782971382141
1,3.0041464924579486e-05
1,1.0
1,1.0
1,1.0
1,0.9994614720344543
0,0.0004363589396234602
1,1.0
1,1.0
1,0.9999995231628418
1,0.987835705280304
1,0.999089241027832
0,5.238957328401739e-06
1,1.0
1,1.0
1,1.0
1,0.9999945163726807
0,3.474487675703131e-05
1,1.0
0,0.0009587201639078557
1,1.0
1,0.9999997615814209
1,0.9998537302017212
1,1.0
0,3.627775768677566e-08
1,1.0
1,1.0
1,0.6750351786613464
1,0.9999305009841919
1,1.0
0,0.25860247015953064
0,0.0004464925732463598
0,0.18905556201934814
1,1.0
1,1.0
1,1.0
0,0.780124306678772
1,0.9986732006072998
1,0.958217978477478
1,1.0
0,0.004323440138250589
1,0.9999630451202393
0,0.04086518660187721
1,1.0
1,0.9846588373184204
1,0.9999911785125732
0,2.7977412742075103e-07
0,0.00017848287825472653
0,4.785178316524252e-05
1,1.0
1,0.9999995231628418
1,0.9999833106994629
1,0.8662221431732178
0,0.022261859849095345
1,1.0
1,0.9999929666519165
0,0.011363846249878407
1,0.9999960660934448
0,4.426512077770894e-06
0,0.9089776873588562
1,1.0
1,0.9999982118606567
1,1.0
1,1.0
1,0.9999991655349731
0,1.8360831745667383e-05
1,1.0
1,1.0
1,0.970282793045044
0,0.0008506543817929924
0,8.626412636658642e-06
0,2.866019030989264e-06
0,0.1029166504740715
1,0.9999710321426392
1,0.9798933267593384
0,3.5408140774961794e-06
1,0.0006860184366814792
0,0.30704382061958313
1,0.8288223743438721
0,0.0016456155572086573
1,1.0
1,1.0
1,0.982141375541687
1,0.9984311461448669
1,0.9466676115989685
1,0.9999157190322876
0,1.7971250372283976e-06
1,0.9977977275848389
0,0.3714269995689392
0,0.003231387585401535
1,0.9999998807907104
1,0.0016881668707355857
1,1.0
1,1.0
0,0.8508594632148743
1,1.0
1,0.9998619556427002
1,0.15783029794692993
0,0.00022063220967538655
0,0.0004146907012909651
1,0.996967613697052
0,0.4223308861255646
0,7.570953926006041e-07
0,4.181281474302523e-05
1,0.99998939037323
1,0.00021076283883303404
1,0.9968120455741882
1,0.9999973773956299
1,1.0
1,0.9999942779541016
1,0.9602293968200684
0,0.9327524900436401
1,1.0
1,0.006822478026151657
1,1.0
0,0.913156270980835
1,0.9880046248435974
1,0.9999629259109497
1,0.9997226595878601
0,0.0024772577453404665
1,1.0
1,0.8221455216407776
1,0.9999972581863403
0,0.0035784540232270956
0,0.09687811136245728
1,0.250447541475296
0,0.07029331475496292
1,0.999916672706604
1,0.005766243673861027
1,0.6994426846504211
0,0.1710279881954193
0,0.22372102737426758
0,0.0017350453417748213
1,0.9934632778167725
0,0.0815141350030899
1,0.9999914169311523
1,0.9999622106552124
0,2.960187828193739e-07
1,0.03362246975302696
1,1.0
1,1.0
0,0.5576350688934326
0,1.2636478459171485e-06
1,0.9999785423278809
0,0.028941305354237556
1,1.0
1,0.9999828338623047
1,0.9999984502792358
1,1.0
1,1.0
1,1.0
1,0.9998632669448853
0,0.004678244236856699
0,0.13868197798728943
0,2.4259648853330873e-05
1,1.0
0,0.0007280854042619467
1,0.9965307116508484
0,0.008452502079308033
0,0.91500324010849
1,0.23931343853473663
0,0.00024666261742822826
1,0.9999960660934448
0,0.0023712068796157837
0,1.3040849808021449e-05
0,0.025546954944729805
0,0.051461901515722275
1,0.9999817609786987
0,1.2386345588311087e-05
0,0.16111940145492554
0,0.0023203857708722353
1,1.0
1,0.8834567070007324
0,0.00017209781799465418
0,2.1441655917442404e-05
0,0.001180450664833188
1,1.0
1,0.9999769926071167
0,1.3384343446887215e-06
1,0.9567719101905823
1,0.9999997615814209
0,3.606876271078363e-05
0,7.705260031798389e-06
1,1.0
1,0.9828110933303833
1,1.0
0,1.8709984672682367e-08
1,0.9749241471290588
0,1.0146456588699948e-05
0,1.986987172131194e-06
0,0.9500710964202881
1,1.0
0,0.6173913478851318
1,0.9431555867195129
0,0.020979035645723343
1,1.0
0,0.0007619170355610549
1,1.0
0,0.0002919932594522834
1,1.0
1,1.0
1,1.0
1,0.03709699213504791
0,0.1463591605424881
1,0.996518611907959
1,1.0
1,1.0
1,0.04078231379389763
1,0.9986687898635864
1,1.0
0,2.5282940896431683e-06
0,0.7148177623748779
1,0.9999997615814209
1,1.0
0,0.3090590536594391
0,0.006650527939200401
1,0.9999915361404419
1,1.0
1,0.9999991655349731
0,0.012165247462689877
0,5.079717448097654e-05
0,0.0001742857275530696
0,0.00012888821947854012
1,0.08892850577831268
0,0.0018537837313488126
1,0.999998927116394
0,0.9604638814926147
0,0.03465783968567848
1,0.31962358951568604
1,1.0
1,0.999998927116394
1,1.0
1,0.9988976716995239
1,0.999985933303833
0,0.009953099302947521
1,0.9972814321517944
1,1.0
0,6.341637686091417e-07
1,0.9999874830245972
0,0.0032155306544154882
0,0.057683590799570084
0,0.010659981518983841
0,0.000785329844802618
0,2.7352461984264664e-05
1,1.0
1,1.0
1,0.9999257326126099
1,0.9999830722808838
1,0.9999364614486694
0,7.254444426507689e-06
0,2.3237086566041398e-07
1,0.9999204874038696
0,0.011512820608913898
1,1.0
1,0.9999998807907104
1,0.9999986886978149
0,0.003491858020424843
0,0.23089750111103058
1,0.9844339489936829
1,0.9999998807907104
0,1.4007518075231928e-05
1,1.0
1,1.0
1,1.0
1,1.0
0,2.8001142709399574e-05
1,1.0
0,0.015269414521753788
0,0.0009226169786415994
1,0.9999959468841553
1,1.0
1,1.0
1,1.0
1,0.9999998807907104
0,3.1793649668543367e-06
1,0.996771514415741
0,0.0024144987110048532
0,0.0015512708341702819
0,0.9640934467315674
1,0.9999161958694458
0,4.157096191192977e-05
0,0.04352230578660965
0,0.0005627093487419188
1,1.0
1,0.9887180328369141
1,1.0
0,0.31721508502960205
1,0.9999537467956543
0,7.825756398460726e-08
0,0.16287648677825928
1,1.0
0,0.9916312098503113
1,1.0
0,8.711421628504468e-07
1,1.0
1,0.9997764229774475
0,6.50353513265145e-06
0,0.5464029908180237
0,8.874305785866454e-05
1,0.9935693740844727
1,0.9999998807907104
0,0.9514625668525696
1,0.9594875574111938
1,1.0
1,0.9986661672592163
0,0.9927009344100952
0,0.16133767366409302
1,0.9999998807907104
0,0.0001950335717992857
0,1.2091200574104732e-07
0,4.952881681674626e-06
1,1.0
1,1.0
1,0.9999982118606567
0,0.011291533708572388
0,0.0008172231609933078
1,1.0
0,0.08115572482347488
0,0.045245833694934845
0,4.7614460640943435e-07
0,0.0005877502262592316
0,0.00040273298509418964
0,3.1566214602207765e-06
1,0.9999634027481079
1,0.004836475942283869
0,0.009861856698989868
0,0.027257373556494713
0,1.1421298950153869e-05
0,5.721475827158429e-05
0,0.0002985097817145288
1,0.9999631643295288
0,0.00047003605868667364
0,0.0009234397439286113
0,0.6622445583343506
1,1.0
0,0.4829249382019043
0,1.9887856979039498e-05
0,0.0007870627450756729
1,0.9999992847442627
1,1.0
1,0.05852465331554413
1,0.999993085861206
1,0.00029820314375683665
1,1.0
1,1.0
0,0.44947385787963867
1,0.9870151281356812
0,0.003791731083765626
1,0.999987006187439
0,0.0012755971401929855
1,0.9999995231628418
1,1.0
0,0.00010203330020885915
1,0.0687701553106308
0,1.9965878550465277e-07
0,2.034607632594998e-06
1,0.28761935234069824
1,1.0
0,8.750089364184532e-07
0,1.6170636172319064e-06
1,0.017996124923229218
1,0.999997615814209
1,0.9999998807907104
0,3.990217737737112e-05
1,1.0
0,0.0007883835351094604
0,0.9066852331161499
1,1.0
1,1.0
0,0.01211050245910883
0,0.17067000269889832
0,0.038567472249269485
1,1.0
0,8.77008933457546e-05
1,1.0
1,1.0
0,0.5263639688491821
1,0.9998631477355957
1,0.9792115688323975
1,0.10996006429195404
0,0.018880018964409828
1,1.0
1,0.8885613083839417
1,0.9797048568725586
0,0.004682924598455429
1,1.0
1,1.0
1,0.9999995231628418
0,0.0005106391618028283
1,1.0
1,0.9999971389770508
1,0.999997615814209
0,1.6759183836256852e-06
0,2.0064835553057492e-05
0,0.0004697212134487927
0,0.00039240429759956896
1,0.9999750852584839
1,1.0
0,0.12750867009162903
1,1.0
1,0.9994423985481262
0,7.743157652839727e-07
0,0.3886758089065552
1,1.0
1,0.9973856806755066
1,1.0
1,0.00029458897188305855
0,0.00043371375068090856
0,0.03643618896603584
0,0.1521984338760376
1,0.9991626739501953
1,1.0
1,1.0
0,0.0012246865080669522
0,5.14304920216091e-05
1,0.9851721525192261
1,0.9999998807907104
1,0.9999997615814209
0,0.004415321163833141
0,0.0036180326715111732
1,0.0006172815337777138
0,6.04758156441676e-07
1,0.9999994039535522
1,0.9980626702308655
1,0.9985826015472412
0,0.02614986151456833
1,0.9999257326126099
1,0.9999997615814209
1,1.0
0,2.622873398649972e-05
0,0.9997063279151917
1,0.035322923213243484
0,7.985647971509025e-05
1,1.0
1,1.0
0,0.343335896730423
0,0.02908211760222912
1,0.5694500803947449
1,1.0
1,1.0
1,0.9999996423721313
1,1.0
1,1.0
1,0.9999996423721313
1,1.0
1,0.9999583959579468
0,1.4536391972796991e-05
1,1.0
1,0.7063915133476257
0,0.017690185457468033
1,0.9459863901138306
0,0.04670419916510582
1,1.0
0,0.018179314211010933
0,8.28156407806091e-06
1,0.9875515103340149
1,0.9999918937683105
0,0.9644935131072998
1,0.9998644590377808
0,0.5875927209854126
0,8.523670112481341e-05
1,0.9999998807907104
1,0.1084921732544899
0,0.5693727731704712
0,0.9562636613845825
0,0.0013300532009452581
1,0.9999998807907104
1,0.9999998807907104
1,1.0
0,0.26666131615638733
0,2.3680237859480258e-07
0,0.9998817443847656
0,0.002826197072863579
0,0.011945442296564579
0,3.018185634573456e-05
1,1.0
1,1.0
0,0.7361946105957031
0,0.0017846844857558608
1,0.9999998807907104
1,1.0
0,0.026731815189123154
0,0.9956870675086975
1,1.0
1,1.0
1,1.0
0,0.006440817378461361
0,2.2373958472599043e-06
0,4.508709935180377e-06
0,1.5254684058163548e-06
1,0.9999991655349731
0,0.2981780469417572
0,7.60923940106295e-05
1,0.9946303367614746
1,0.9999954700469971
0,0.04719800502061844
1,1.0
1,1.0
1,0.9961259961128235
1,0.9991047978401184
1,0.9999511241912842
0,6.746345775354712e-07
1,1.0
1,0.9999815225601196
1,1.0
1,0.9999990463256836
0,3.6443796034291154e-06
1,0.05527989938855171
0,0.0011908698361366987
0,1.2667341025007772e-06
0,0.24022942781448364
1,0.9994426369667053
1,0.9989084005355835
1,0.9999451637268066
1,1.0
1,1.0
0,0.600594699382782
0,1.0202889825450256e-05
1,0.9999990463256836
1,1.0
1,1.0
1,1.0
1,1.0
1,1.0
0,0.05564031004905701
1,0.9995954632759094
1,0.9992973804473877
1,1.0
1,1.0
1,1.0
0,2.6043644538731314e-06
0,0.000427954422775656
1,1.0
1,1.0
0,5.473824558066553e-07
0,0.005945737473666668
1,0.15345215797424316
1,1.0
1,0.9999921321868896
0,0.012330610305070877
1,1.0
1,0.9999746084213257
1,0.9999998807907104
1,0.999996542930603
1,0.9999725818634033
0,1.0035731889956878e-07
1,0.9999970197677612
0,0.027088146656751633
1,0.9999998807907104
0,0.1570739448070526
0,1.679230081208516e-06
0,1.9198052541469224e-05
1,1.0
1,1.0
1,1.0
1,0.8612111210823059
0,0.001873512053862214
0,0.9024543166160583
1,1.0
1,0.9997851252555847
1,0.8901854157447815
0,0.006681021302938461
0,0.0012224982492625713
1,1.0
0,1.701145629340317e-05
1,0.9997062087059021
1,0.9993195533752441
0,0.9097838997840881
0,0.0006323306006379426
0,0.014826159924268723
0,0.0009690472506918013
1,0.9999995231628418
1,0.0009834498632699251
0,0.0003291304165031761
1,0.9999980926513672
1,1.0
0,2.316742939001415e-05
1,1.0
1,0.9985741376876831
0,0.00012345424329396337
1,1.0
0,2.2336989786708727e-06
0,2.9576362976513337e-06
1,0.9999885559082031
0,2.0167892216704786e-05
1,1.0
1,1.0
1,1.0
1,1.0
0,1.1314999937894754e-05
1,1.0
0,0.0009162713540717959
0,0.028888005763292313
0,0.04250416159629822
1,0.998543381690979
1,0.9999959468841553
1,0.9999803304672241
1,1.0
1,1.0
1,0.9999799728393555
1,1.0
1,0.8550414443016052
1,1.0
0,4.232225546729751e-05
1,0.273670494556427
1,0.9999998807907104
1,0.9509155750274658
0,6.170387678139377e-06
1,1.0
0,0.010598847642540932
1,1.0
1,0.9999992847442627
0,0.00010550730803515762
1,0.661077618598938
0,0.0030874500516802073
1,0.9999934434890747
1,0.07492993026971817
0,0.000771314196754247
0,0.06711837649345398
1,1.0
0,0.021331636235117912
1,0.3453807830810547
0,0.013855117373168468
0,0.06602493673563004
0,5.0467110668250825e-06
0,0.0037815377581864595
1,0.9991781115531921
1,0.5865483283996582
1,0.9999998807907104
1,0.9992509484291077
1,0.9999991655349731
1,0.9999963045120239
1,0.9948403239250183
1,1.0
1,0.999962329864502
0,0.007149274926632643
1,1.0
1,0.9999963045120239
1,1.0
1,0.9999978542327881
1,1.0
1,1.0
1,0.7874228954315186
1,0.001927994191646576
1,0.9902310967445374
0,0.009240413084626198
0,0.000489646103233099
0,5.238637822913006e-05
1,1.0
1,0.9999861717224121
0,1.834513204812538e-05
1,0.4045393466949463
1,0.9999858140945435
0,0.00021663554070983082
1,0.9999998807907104
1,0.0003879375581163913
1,1.0
1,0.9999997615814209
0,0.014531917870044708
1,0.8891100287437439
1,1.0
0,0.14027023315429688
0,0.2720930278301239
0,0.0038402630016207695
1,1.0
0,0.03840583190321922
0,0.016092482954263687
0,0.004785621538758278
0,0.023612989112734795
1,0.9987603425979614
0,3.347772144479677e-05
1,1.0
0,2.7489131753100082e-06
1,1.0
1,0.9999916553497314
1,0.9986112117767334
1,0.9705818891525269
0,1.4030340025783516e-05
1,0.9999994039535522
0,0.001648372272029519
1,0.9999998807907104
1,0.9999967813491821
1,1.0
0,0.0008347620605491102
0,0.002861196408048272
1,0.9993789196014404
0,0.48869410157203674
1,1.0
1,1.0
0,0.006099498365074396
0,1.8644686861080118e-06
1,0.9999998807907104
1,1.0
1,0.954252302646637
0,0.7245969772338867
1,1.0
1,0.9999992847442627
1,0.9998533725738525
1,0.9363462328910828
0,3.7047118439659243e-07
1,0.0010198738891631365
0,0.0005290620028972626
1,0.9999980926513672
1,0.9992222785949707
1,1.0
0,0.000592685944866389
0,3.180346084263874e-07
1,0.9999065399169922
0,1.5774215853525675e-06
1,1.0
0,1.4434294826060068e-06
1,1.0
0,0.015029458329081535
0,1.9881657863152213e-05
1,1.0
0,3.815941454377025e-06
0,3.284437255501871e-08
1,0.9999345541000366
1,0.030020490288734436
1,1.0
1,1.0
0,0.0026899967342615128
0,0.10457649827003479
0,0.2901192605495453
1,0.9983546137809753
0,0.2022722363471985
1,1.0
0,2.732772372837644e-06
1,1.0
1,0.9998986721038818
1,0.6421622633934021
0,0.3113775849342346
0,0.0009654068271629512
1,0.9957471489906311
1,0.9999767541885376
1,0.9999988079071045
1,1.0
0,0.04934186488389969
1,0.9999716281890869
1,0.9999972581863403
1,0.9999996423721313
1,1.0
1,1.0
0,5.11218786414247e-06
0,0.010229460895061493
1,0.9999969005584717
1,0.997905969619751
1,1.0
0,0.2183411568403244
1,0.9769971370697021
0,0.00020663277246057987
1,1.0
0,0.02486574836075306
1,0.49587157368659973
1,1.0
0,0.4757043123245239
0,1.3620780009659939e-05
1,0.9999202489852905
1,0.9998440742492676
0,0.013596326112747192
1,1.0
0,0.017964988946914673
1,0.9999994039535522
1,1.0
0,8.924456778913736e-06
1,0.9999994039535522
1,0.999929666519165
1,1.0
1,0.999998927116394
1,0.9999557733535767
0,1.151948617916787e-05
1,1.0
1,0.9999994039535522
1,1.0
1,0.6416733860969543
1,1.0
1,0.9996601343154907
0,0.01705099828541279
0,2.2637417714577168e-05
0,0.09951643645763397
1,1.0
1,0.992497444152832
1,0.9999977350234985
1,0.9999947547912598
1,0.9412871599197388
1,0.9999997615814209
0,0.05293479189276695
1,1.0
0,1.0200501776580495e-07
1,1.0
1,0.9999983310699463
1,1.0
1,1.0
1,1.0
0,0.3353063464164734
1,1.0
0,0.8227202892303467
0,0.005257696378976107
1,1.0
0,2.724876321735792e-05
1,0.9846917986869812
1,1.0
1,0.9605176448822021
0,0.006187091115862131
1,0.8633095622062683
1,0.0032289742957800627
1,0.9999997615814209
0,7.899207957962062e-06
1,0.9999973773956299
0,0.007745738141238689
1,1.0
1,1.0
0,4.3106815610371996e-06
1,1.0
1,1.0
1,1.0
0,3.46480987900577e-06
1,0.9999861717224121
0,0.6791809797286987
1,0.008157498203217983
1,0.9986823201179504
1,1.0
1,0.9904341697692871
1,0.9995800852775574
1,0.992701530456543
1,1.0
0,0.7745905518531799
1,1.0
1,1.0
0,0.6545029878616333
1,0.9968200922012329
0,0.02870122902095318
0,0.0005803334061056376
1,0.9986326098442078
0,0.0015883763553574681
0,0.4516861140727997
1,1.0
1,0.999142050743103
0,0.02675771899521351
1,0.9704041481018066
0,0.00046460636076517403
1,0.5317000150680542
1,0.9999996423721313
1,0.9988731741905212
1,0.9999980926513672
1,0.9989687204360962
0,1.7421126585759339e-06
0,0.004721866454929113
1,0.9999998807907104
0,0.00011391917360015213
1,0.998663067817688
0,1.9245859220973216e-05
1,0.9999997615814209
1,0.9999500513076782
1,1.0
1,1.0
1,1.0
0,0.00039033940993249416
1,1.0
0,0.008380183950066566
1,1.0
0,0.0013540565269067883
1,1.0
0,0.1909567266702652
1,1.0
1,0.999248206615448
1,1.0
1,0.999998927116394
1,1.0
1,0.9992109537124634
1,0.060587648302316666
1,1.0
0,0.033022791147232056
1,0.9984411597251892
1,1.0
1,0.004825543146580458
1,0.9998952150344849
1,1.0
0,2.4993483748403378e-05
1,0.9875149726867676
1,1.0
1,0.9765685796737671
1,0.4051925837993622
1,1.0
0,0.4138559401035309
1,0.9999206066131592
1,1.0
1,1.0
1,0.9791982173919678
0,0.0014466901775449514
0,0.007093482185155153
0,0.47328487038612366
1,0.35841283202171326
1,0.9999998807907104
1,0.9999967813491821
1,0.9999986886978149
0,0.005933608394116163
0,0.013731744140386581
0,3.05394064525899e-06
0,0.00045691506238654256
1,0.9999991655349731
1,1.0
0,2.4666949684615247e-05
1,0.9234828352928162
1,1.0
1,0.9999997615814209
1,0.9226677417755127
0,0.000620546517893672
1,0.6653438210487366
0,1.0791090687689575e-07
1,0.9999434947967529
1,1.0
0,7.206504233181477e-05
1,1.0
0,0.040724776685237885
0,2.1362260667956434e-05
1,0.982546865940094
1,0.9566163420677185
1,0.9999920129776001
0,5.3541157285508234e-08
0,4.547352000372484e-05
1,0.9968551397323608
1,0.9999985694885254
0,0.9113712310791016
0,0.3429122567176819
1,1.0
1,0.9875802993774414
1,1.0
1,1.0
0,0.0008773512090556324
0,0.004082234110683203
0,0.0021499209105968475
1,1.0
1,0.9999998807907104
1,0.9999990463256836
1,1.0
0,2.2285796603682684e-06
1,0.9999996423721313
1,1.0
1,1.0
1,0.737582266330719
1,0.9999998807907104
1,1.0
1,0.9999970197677612
0,7.429547963511141e-07
1,0.9963476061820984
1,1.0
1,0.9999673366546631
1,0.9999934434890747
1,1.0
1,0.9999231100082397
1,1.0
0,0.22667798399925232
0,2.1441206627059728e-05
1,1.0
1,0.9999997615814209
0,9.285560622629419e-07
1,1.0
1,1.0
1,1.0
0,3.700308752740966e-06
1,0.9999998807907104
1,0.9999854564666748
1,0.6837517023086548
1,1.0
1,0.5528460741043091
1,0.957434356212616
1,1.0
1,0.9999945163726807
0,4.300617547414731e-06
1,1.0
0,1.3171410273571382e-06
0,1.4943875612516422e-06
1,1.0
0,0.3451600968837738
1,1.0
0,0.005295224953442812
1,0.9999988079071045
0,0.00017854859470389783
0,0.09438609331846237
0,0.0001639462570892647
0,4.419421202328522e-06
1,0.9993785619735718
1,0.010137271136045456
1,1.0
1,0.9999547004699707
1,0.9999299049377441
0,0.05761077255010605
1,0.9999984502792358
0,0.0022869000677019358
0,8.356093417205557e-07
1,1.0
1,0.9941303133964539
1,1.0
1,1.0
1,1.0
1,0.9999969005584717
1,1.0
0,0.0003223922394681722
1,0.9839574098587036
1,1.0
1,0.9999995231628418
0,0.0010541912633925676
1,0.913623034954071
1,1.0
1,0.9999796152114868
1,1.0
1,0.9999866485595703
1,0.9999992847442627
1,1.0
0,1.0647738236002624e-05
1,1.0
1,1.0
1,0.03396431356668472
1,0.999559223651886
0,8.401943341596052e-05
1,0.0059029399417340755
0,1.3950455013400642e-06
1,0.9999737739562988
1,0.011068041436374187
0,1.164484001492383e-05
1,1.0
1,1.0
1,0.9999998807907104
1,1.0
1,0.9993734955787659
1,0.9513497352600098
1,1.0
1,0.9999353885650635
0,0.00013224774738773704
1,1.0
0,0.4479302763938904
0,0.0002600458392407745
1,0.993128776550293
0,1.2489207620092202e-05
0,0.0014356168685480952
1,1.0
1,0.9997915625572205
0,0.4671188294887543
1,0.9999998807907104
1,0.9999958276748657
1,0.9999980926513672
1,0.9999963045120239
0,0.09884090721607208
1,1.0
1,0.9999072551727295
0,0.5596563816070557
1,1.0
0,0.09593099355697632
