label,prediction
1,0.9984038472175598
1,1.0
1,1.0
1,0.15944182872772217
1,1.0
1,1.0
0,0.0712558776140213
0,3.536290904548878e-08
1,0.9999969005584717
0,1.4474503586825449e-05
1,1.0
1,0.9999926090240479
1,1.0
1,0.12682536244392395
1,1.0
1,1.0
1,0.9878045320510864
1,1.0
0,0.0020331842824816704
0,0.6693500280380249
0,0.005555946845561266
0,4.0942313428438126e-10
0,0.9942896366119385
0,3.269415901741013e-05
0,7.849217581679113e-06
0,3.706795541802421e-05
1,1.0
1,1.0
0,3.143275151273883e-08
1,1.0
0,5.436787660073605e-07
0,6.763136717324869e-09
1,0.0013743063900619745
0,9.815131534196553e-07
1,0.9999974966049194
0,1.1505553176860417e-09
0,0.02278388850390911
1,1.0
1,1.0
1,1.0
1,0.999962568283081
1,1.0
1,1.0
1,0.9965741634368896
1,0.9999998807907104
1,1.0
0,0.0002829937729984522
1,0.9917355179786682
0,5.29311955688172e-06
0,0.9998658895492554
0,5.820874321216252e-06
0,0.0025968835689127445
0,5.270103429211304e-07
1,0.9999994039535522
0,0.023350324481725693
0,2.2424694140986932e-14
0,2.796103581204079e-05
1,1.0
0,0.997818112373352
1,0.9999996423721313
0,5.478801856639848e-10
1,1.0
0,1.7146783193311421e-06
1,1.0
1,1.0
1,0.58690345287323
1,0.9998964071273804
1,1.0
1,0.96993488073349
1,1.0
0,9.710816151198287e-09
1,0.9252542853355408
0,0.015124768950045109
1,1.0
0,0.002682175487279892
1,0.7870078682899475
1,1.0
1,1.0
0,0.6773844957351685
0,4.305432217883466e-14
1,1.0
1,0.9999939203262329
1,1.0
0,2.2639533199253492e-05
1,0.9999899864196777
1,0.9997050166130066
0,1.174475450227419e-08
0,0.024877414107322693
0,3.901671789208194e-06
0,0.000244414753979072
1,0.9852654337882996
1,1.0
1,0.9853368401527405
0,4.795469067175873e-06
1,1.0
1,0.999840497970581
1,0.9720465540885925
1,0.9984342455863953
0,1.6302237337839642e-09
0,7.477895269403234e-05
1,1.0
1,0.9999376535415649
1,0.8920709490776062
1,1.0
1,1.0
1,1.0
1,0.05756523087620735
1,1.0
1,0.9999990463256836
1,1.0
1,1.0
0,2.065144872176461e-05
1,1.0
1,0.9995717406272888
1,0.9999849796295166
1,1.0
1,1.0
0,1.1807262723095846e-08
0,1.8254593669553287e-05
1,1.0
0,0.004251224920153618
1,1.0
0,4.685083752065111e-07
1,0.9996480941772461
1,0.00207241578027606
0,0.0001178233214886859
1,1.0
0,9.261973445973126e-07
1,0.9995812773704529
1,0.9968279004096985
1,1.0
1,0.9999998807907104
1,1.0
1,1.0
0,0.9999992847442627
1,0.9999998807907104
1,0.9553307294845581
1,0.999386191368103
0,1.551749620996596e-14
0,3.4225717371327846e-08
1,0.9999336004257202
0,8.104386606255787e-11
0,1.0819588851518347e-06
1,1.0
1,0.0010710515780374408
0,2.4529066649847664e-05
1,1.0
0,3.854252554447157e-06
0,0.000126348139019683
0,7.419745088554919e-06
0,9.070709136062283e-13
1,1.0
1,0.9999988079071045
1,1.0
1,0.9999983310699463
0,3.0120350658080497e-10
0,5.033154795719419e-11
1,1.0
0,7.724705852751867e-08
0,2.341855550626326e-13
1,1.0
1,1.0
1,0.7866296768188477
1,0.9711328744888306
0,4.422603888087906e-05
0,0.006078129634261131
1,1.0
1,1.0
0,1.0230350646280744e-15
1,1.0
1,0.9962608218193054
1,0.8288566470146179
0,4.107671702513471e-05
1,1.0
1,0.9998935461044312
0,3.0369408705155365e-05
1,1.0
0,0.1736682951450348
0,0.09745664149522781
0,7.256195385707542e-05
1,1.0
1,0.9997269511222839
0,0.012819554656744003
1,0.9803460240364075
1,1.0
0,0.461833655834198
1,1.0
1,1.0
1,1.0
1,1.0
0,0.000380140874767676
1,1.0
1,1.0
0,4.520820340303544e-08
0,3.4755657907226123e-06
1,0.2587856650352478
1,0.9998127818107605
1,1.0
0,4.446022285264917e-05
0,3.1413618373221652e-09
1,1.0
1,1.0
1,1.0
1,1.0
1,0.018307942897081375
0,1.9873486962751485e-05
0,7.010048284428194e-05
0,8.605683979112655e-05
1,1.0
1,1.0
1,1.0
1,1.0
0,4.424205712894036e-08
1,0.9950762391090393
1,0.9999823570251465
0,7.666488777147151e-09
1,1.0
0,0.09747905284166336
0,9.480586982135719e-08
0,0.013842751272022724
0,1.3658967290552937e-08
0,5.687672455678694e-06
0,3.3584779401962805e-09
1,1.0
1,1.0
1,0.7753901481628418
0,6.552749255206436e-06
0,3.955354986828752e-05
1,1.0
0,4.033308653424508e-14
1,0.9999998807907104
0,6.608248526163152e-08
1,0.024456707760691643
1,0.019020678475499153
1,1.0
1,1.0
1,1.0
0,1.369685196550563e-05
0,1.4555039342667442e-06
0,0.7821796536445618
1,1.0
1,0.2106023132801056
0,2.9656986953341402e-05
1,0.31819844245910645
1,0.9999985694885254
1,1.0
1,0.06115606427192688
1,0.5882779359817505
1,0.12264782935380936
1,0.11979636549949646
0,0.00011265924695180729
1,1.0
1,1.0
1,0.9999954700469971
0,7.120806549210101e-05
0,3.083555566263385e-05
1,0.02673187479376793
1,1.0
1,1.0
0,0.25112804770469666
1,1.0
0,5.057471241798339e-08
1,1.0
1,0.9999643564224243
1,0.027209995314478874
1,1.0
1,1.0
0,1.4432282625931325e-11
0,3.146530218600674e-07
1,0.9999998807907104
0,0.00011278802412562072
1,1.0
1,0.9999998807907104
0,0.002417942276224494
0,0.15713021159172058
0,0.003682397771626711
1,0.9999557733535767
1,0.9987370371818542
1,1.0
1,0.8640497326850891
1,1.0
0,4.909896688332083e-06
1,1.0
1,0.9989979863166809
1,0.1315050572156906
1,0.2551259398460388
0,7.808077795434798e-11
0,0.0005104814190417528
1,1.0
1,1.0
0,0.06345602869987488
1,0.999848484992981
0,0.9997172951698303
1,1.0
1,0.9999998807907104
0,9.28498320718063e-06
1,0.8972640037536621
0,5.4223772139039284e-08
1,0.1969446986913681
0,0.010192401707172394
0,2.202817540819524e-06
1,1.0
1,0.9999794960021973
0,3.400221260108083e-08
1,0.0003219864738639444
1,1.0
1,1.5332539987866767e-05
0,0.054911449551582336
0,5.987034228382981e-07
0,0.9902933835983276
1,1.0
0,6.711426661816511e-13
1,1.0
1,1.0
1,0.9977931976318359
0,2.2506670575239696e-05
0,0.0024595593567937613
0,3.0912215152056888e-06
1,0.9992988109588623
1,0.4776352047920227
0,2.2305792299448512e-05
1,7.326047580136219e-06
1,0.9943656921386719
1,1.0
1,0.9914473295211792
1,1.0
0,7.0022738718478195e-09
0,0.999566376209259
1,1.0
1,1.0
1,1.0
1,1.0
0,7.680162525502965e-06
0,0.002436783630400896
0,2.398976357653737e-05
1,0.9999943971633911
1,1.0
0,0.06776268035173416
0,0.002002291614189744
1,0.9899280667304993
1,1.0
1,1.0
1,0.9999575614929199
0,1.476498283636829e-07
1,1.0
0,0.9994702935218811
0,5.3904796004644595e-06
1,1.0
1,1.0
0,6.689464498776942e-05
1,1.0
1,0.9982914328575134
0,0.000305772788124159
1,0.3208753764629364
1,1.0
0,3.288114021415822e-05
1,1.0
0,0.0703786239027977
1,1.0
1,0.0001919919450301677
1,1.0
1,1.0
0,2.432289329590276e-05
0,1.3325670344954688e-08
1,1.0
0,0.003958363551646471
1,0.9999994039535522
0,5.5392862122971565e-05
1,1.0
0,4.353609139862158e-10
1,0.8023357391357422
0,1.4204542431173195e-08
1,1.0
1,0.999922513961792
0,0.9996821880340576
1,0.9999418258666992
1,1.0
1,1.0
1,0.8038706183433533
0,0.999967098236084
1,1.0
0,2.753857734205667e-05
1,0.00016033209976740181
1,1.0
1,0.9999964237213135
1,0.32598400115966797
1,1.0
1,1.0
1,0.9999996423721313
0,0.00022669770987704396
0,0.009034808725118637
1,0.999976634979248
1,1.0
1,0.9999984502792358
1,1.0
0,6.41410006210208e-05
1,1.0
1,1.0
1,0.9999936819076538
1,0.9999325275421143
0,3.9212415866435313e-13
0,0.007682225666940212
1,0.12058615684509277
1,1.0
1,1.0
1,1.0
0,0.0012122448533773422
1,0.9612616300582886
1,0.9127431511878967
1,1.0
1,1.0
0,1.4707238760180985e-09
1,1.0
0,2.201321569472725e-09
0,0.9999372959136963
1,1.0
1,1.0
0,2.4051834301985764e-08
0,1.2392170901875943e-05
1,0.9977644681930542
0,2.4604962707043543e-13
1,0.28992530703544617
1,1.0
1,1.0
1,1.0
1,1.0
1,0.998956561088562
1,0.9999977350234985
1,0.12345416843891144
1,0.9999997615814209
0,7.230090748322482e-09
0,3.3151644629469956e-07
0,4.016717502963729e-05
1,1.0
1,0.9999991655349731
1,0.9991336464881897
1,0.005069727543741465
1,1.0
0,0.9950586557388306
1,1.0
1,0.9999986886978149
0,2.1972697140881792e-05
0,0.9991611242294312
1,0.7748889327049255
1,1.0
0,1.3146087439963594e-05
0,1.0167436812480446e-06
0,0.004976202733814716
0,3.741992508226894e-15
0,0.9999983310699463
1,1.0
0,6.677681767541799e-07
1,1.0
0,0.7454691529273987
0,0.00014127402391750365
1,0.9991496801376343
0,1.7404704522050451e-07
0,7.786337846482638e-06
0,0.06521841883659363
0,0.00011564719170564786
0,0.9985791444778442
1,0.00038794035208411515
0,5.904498721065465e-07
1,1.0
0,6.846079486422241e-06
0,0.004216032102704048
1,1.0
0,0.9972468614578247
1,0.999992847442627
1,0.9999980926513672
1,0.08051145076751709
0,3.1788283649802906e-06
1,0.019988318905234337
0,2.3971015252755024e-06
1,1.0
0,0.6328359246253967
1,1.0
0,4.136767529416829e-06
1,0.0001545075501780957
1,1.0
0,2.9479633667506278e-06
0,1.754699923139924e-07
0,0.0006412428338080645
1,1.0
0,0.8420215845108032
1,1.0
0,0.1657956838607788
0,5.1402194003458135e-06
0,0.00015119726595003158
0,7.089957093642241e-11
0,0.0002643651096150279
1,1.0
0,0.01625049114227295
1,0.9999752044677734
1,1.0
1,1.0
0,5.769940969457821e-09
0,0.3296816945075989
0,8.845052511599616e-13
1,1.0
1,0.9999990463256836
1,1.0
1,0.9927532076835632
1,0.21775443851947784
0,7.710013960604556e-07
1,1.0
1,0.9955958724021912
0,8.836117899591045e-07
1,1.0
1,1.0
0,0.009488984011113644
0,1.0219727300864179e-05
1,0.999951958656311
1,0.7108216285705566
1,0.9999890327453613
1,1.0
1,1.0
0,7.006317748192714e-10
0,0.5771806836128235
1,1.0
0,0.9984464049339294
1,1.0
0,2.857689085367099e-10
0,1.3461786693369504e-05
1,0.9998443126678467
1,0.002655532443895936
1,1.0
1,1.0
1,0.9999996423721313
1,1.0
1,0.06742975115776062
0,9.447081339430952e-09
0,1.0814322770613671e-09
1,0.9998113512992859
0,0.04453347623348236
0,0.9999998807907104
1,1.0
0,0.0008097253739833832
1,1.0
1,1.0
0,5.637445156025933e-06
1,1.0
0,0.998428463935852
0,4.2577852354952483e-08
1,1.0
1,0.0006289947195909917
1,1.0
0,1.9778290152316913e-05
0,0.00018375705985818058
0,0.01573304831981659
1,1.0
1,0.99759441614151
0,3.6379586276780174e-07
1,0.469078004360199
1,1.0
1,1.0
0,6.880927230668021e-06
1,0.1911628246307373
1,0.8754180669784546
0,5.787408008472994e-05
0,0.0011126179015263915
1,0.6455206274986267
1,0.9999998807907104
1,1.0
0,1.258579906959767e-08
1,0.9999023675918579
0,1.8837317838915624e-06
1,0.6089076995849609
0,1.0419957874319152e-07
0,3.913411816824919e-09
0,1.350255796062072e-09
1,1.0
1,1.0
0,2.007960990405358e-13
0,5.088913734851985e-10
0,1.551180685055442e-05
1,1.0
0,0.9933638572692871
0,7.621366967214271e-05
1,1.0
1,1.0
1,1.0
1,1.0
1,0.09945043921470642
1,1.0
1,1.0
1,1.0
1,1.0
1,1.0
1,1.0
0,3.3951818136437883e-14
0,3.617597954530538e-08
1,0.999998927116394
1,0.8834248781204224
0,0.024607043713331223
0,1.3228125261832702e-08
0,0.625055730342865
0,4.0960546586477076e-12
1,0.9999997615814209
0,0.9890580773353577
1,1.0
1,1.0
1,0.9998602867126465
1,0.9999971389770508
1,1.0
1,0.9999997615814209
1,1.0
0,2.3070486349752173e-05
1,0.0025012600235641003
0,0.00021565765200648457
0,0.0001416226732544601
1,1.0
1,1.0
1,1.0
1,1.0
1,1.0
1,1.0
1,1.0
0,5.280313075672893e-09
1,0.9999998807907104
1,0.9999984502792358
0,1.8891959996381047e-07
1,0.9964409470558167
1,1.0
0,0.01378170307725668
1,0.9999786615371704
0,0.0004307007766328752
0,6.187798754289653e-13
1,1.0
1,1.0
0,7.936130714369938e-06
1,0.8244536519050598
0,7.925123163515617e-15
0,0.09100118279457092
1,1.0
0,2.8835597731813323e-06
1,1.0
0,3.463792018010281e-05
0,0.9920167922973633
1,1.0
0,0.1476977914571762
1,0.9999961853027344
1,0.1919638216495514
1,0.9986168146133423
1,1.0
1,1.0
0,1.9930710550397635e-05
1,0.9118078947067261
1,1.0
0,1.648486373990489e-14
1,0.9999955892562866
1,1.0
1,0.884941816329956
0,0.11260800063610077
1,0.9999997615814209
1,1.0
1,0.9321414828300476
0,0.05004081130027771
1,1.0
1,0.960601806640625
1,1.0
0,4.174006335233571e-06
1,1.0
0,6.107590888859704e-05
1,1.0
1,1.0
0,1.8471459043212235e-05
1,1.0
1,0.24510858952999115
1,1.0
1,1.0
0,0.0003336147638037801
0,2.802740368679224e-07
1,0.9999997615814209
1,1.0
1,1.0
1,0.5798181295394897
1,0.9670265316963196
0,9.376195464483317e-08
0,0.14805686473846436
1,1.0
0,0.999859094619751
1,1.0
1,1.0
0,2.8247573027329054e-06
0,1.2351724762993399e-05
0,5.444878556815254e-15
0,0.8751647472381592
1,0.021971983835101128
1,0.9999896287918091
0,1.2356239267319324e-06
1,1.0
0,1.583217272127513e-05
1,1.0
0,0.16142092645168304
1,1.0
0,6.86818324435734e-10
1,0.9985752105712891
1,1.0
0,0.004787416197359562
0,1.3978108448498006e-08
0,8.515979783839682e-16
1,1.0
1,0.9968260526657104
0,0.12169530242681503
1,0.9892278909683228
1,0.9994577765464783
1,0.9972986578941345
1,1.0
1,0.06587611883878708
0,0.9999934434890747
1,0.0011550197377800941
1,1.0
0,7.720071153016761e-05
1,0.999992847442627
0,0.005218239035457373
0,0.894425630569458
1,1.0
0,9.785778274817858e-06
0,3.200761966581922e-08
1,0.44675323367118835
1,0.9999994039535522
1,1.0
0,1.4945791008358356e-05
0,5.156263328635891e-13
0,2.283809263665254e-13
1,1.0
1,1.0
0,0.017233334481716156
0,0.04298727959394455
0,2.7614355246896594e-08
1,0.577812135219574
1,1.0
1,1.0
0,2.4066646346909693e-06
1,1.0
1,1.0
1,1.0
1,1.0
0,0.01049470528960228
0,1.2060963122326185e-12
1,0.027484960854053497
1,1.0
1,0.9998347759246826
1,1.0
0,9.808864706428722e-05
0,1.0814517992230321e-07
1,1.0
1,1.0
1,1.0
1,0.9970454573631287
1,1.0
1,1.0
1,0.9999949932098389
1,0.0076347352005541325
0,4.5780274376738816e-05
0,5.892634713511313e-10
0,1.992239276660257e-06
1,0.9999998807907104
0,5.376627541409107e-06
1,1.0
0,2.392888802660309e-07
0,5.180462494536187e-07
0,9.778351631010984e-14
1,1.0
1,0.33592069149017334
1,1.0
1,1.0
1,0.9996780157089233
1,0.9999991655349731
0,0.10740876197814941
0,3.750112227862701e-06
1,0.9999946355819702
1,1.0
1,1.0
0,6.024722409847527e-08
0,0.00010699402628233656
1,1.0
1,0.9999947547912598
1,1.0
0,0.9970638155937195
1,1.0
1,1.0
0,3.261512154101309e-13
1,1.0
1,0.9984515905380249
0,0.7435598373413086
0,1.715395410428755e-05
1,0.0017465923447161913
1,1.0
1,1.0
1,1.0
1,1.0
1,0.9982483386993408
1,1.0
1,1.0
0,4.181265467195772e-06
0,7.790757990733255e-06
1,1.0
0,0.0760415717959404
1,0.0014178669080138206
1,1.0
0,0.9841147661209106
1,0.8757025003433228
0,0.00015488974167965353
1,9.016303374664858e-05
1,0.9999988079071045
1,1.0
0,3.946590254599869e-08
1,1.0
0,0.9755616784095764
0,2.2598480882152217e-06
0,3.116885860521279e-09
0,1.3515767620223863e-14
0,1.506110862692367e-07
1,0.3486647307872772
0,0.002313539618626237
1,0.458568274974823
1,0.9999730587005615
0,0.12623180449008942
0,1.958285444914054e-08
1,0.00010400891187600791
0,0.9046238660812378
1,1.0
1,0.9987540245056152
1,0.9995995163917542
1,0.66507887840271
1,0.9999990463256836
1,0.9862697720527649
1,0.0006675497861579061
0,0.10384195297956467
0,0.04102126881480217
1,1.0
1,1.0
1,1.0
1,0.9999982118606567
0,0.00012214091839268804
0,0.24569456279277802
1,0.16570892930030823
0,2.2864004733946786e-07
0,0.015886303037405014
1,0.9992631077766418
1,0.8960362672805786
0,2.6529987096068908e-08
0,0.9998577833175659
1,0.9995954632759094
1,0.9334102272987366
0,4.031011485494673e-05
0,0.006930648814886808
0,0.7844806909561157
0,7.034967097752087e-08
1,1.0
0,5.216964638066202e-09
0,1.4910512618371285e-05
1,1.0
1,0.8757809400558472
1,1.0
0,1.3966954611532856e-05
0,0.00207183207385242
0,1.0544314136495814e-05
1,1.0
1,1.0
0,0.00014547463797498494
0,0.05052448809146881
0,1.601564872544259e-05
1,0.7210187911987305
0,3.9290916902245954e-05
0,2.508647511945128e-09
0,4.225336169838556e-08
1,0.9871596097946167
0,2.390308506683425e-10
1,0.5735743045806885
1,1.0
1,1.0
1,0.998178243637085
1,1.0
0,3.02491720560738e-08
1,1.0
1,0.9997991919517517
1,0.9999749660491943
1,1.0
0,0.06834477186203003
1,0.9991165995597839
1,0.911479651927948
0,0.15012307465076447
1,1.0
1,1.0
1,0.9999997615814209
1,1.0
0,5.9476664318935946e-05
1,1.0
1,1.0
1,1.0
1,1.0
1,1.0
1,1.0
0,5.8601194723451044e-06
1,0.00014829634164925665
0,1.0144908024756205e-08
1,1.0
1,0.8879494667053223
1,0.9999983310699463
1,0.999997615814209
0,0.08570375293493271
1,1.0
0,0.9999972581863403
0,1.9994185614883447e-14
1,1.0
0,7.35674029783695e-06
0,7.374512279056944e-06
0,1.4535258969772258e-06
0,0.00015869461640249938
0,1.4616229009334347e-06
1,0.977125883102417
0,0.999996542930603
0,0.06912274658679962
1,1.0
1,1.0
1,1.0
1,1.0
0,1.9797009372268803e-05
1,0.9999854564666748
0,6.639335424551973e-06
1,0.9999955892562866
0,4.3229476887063356e-08
0,0.024313218891620636
1,1.0
1,0.9999542236328125
0,0.004494766239076853
1,4.9174036576005165e-06
0,1.5774652410982526e-06
1,0.9999994039535522
1,1.0
1,0.9999990463256836
1,1.0
1,0.9915978908538818
0,0.016056116670370102
1,1.0
0,0.9723923206329346
1,1.0
1,1.0
0,0.99583899974823
0,2.292799081260455e-06
1,1.0
1,0.048225708305835724
1,1.0
1,1.0
1,0.9985027313232422
0,3.4004588966678184e-13
0,0.9999045133590698
1,1.0
0,0.009901232086122036
0,3.1247560962344156e-12
1,1.0
1,0.9979162812232971
1,0.0848611518740654
1,2.5803713015193352e-06
1,0.9998183846473694
0,2.2576448827749118e-05
0,0.9986353516578674
0,8.234191284373082e-08
1,0.7141829133033752
1,0.9999994039535522
1,1.0
1,1.0
1,2.027969081552783e-08
1,1.0
0,0.34714582562446594
1,1.0
0,3.3525052178795534e-10
1,0.9999995231628418
1,1.0
0,0.9999428987503052
0,0.018744666129350662
1,1.0
0,8.4519179210929e-08
0,0.9983311295509338
1,1.0
1,0.2076544612646103
0,1.7426535678355913e-14
1,0.9993249177932739
1,0.9999452829360962
1,0.9996695518493652
0,2.2100279238657095e-05
1,1.0
0,5.044086350859678e-13
1,1.0
1,1.0
1,0.3251848518848419
0,1.0401761755929329e-05
0,3.7349553167587146e-05
0,0.9998366832733154
0,0.13077610731124878
1,0.9999648332595825
1,1.0
1,0.999988317489624
1,0.06275256723165512
1,1.0
1,0.9999784231185913
1,1.0
1,1.0
0,0.04570051282644272
1,0.9999974966049194
1,0.9999974966049194
1,1.0
0,6.527009190904209e-06
1,0.9999960660934448
1,1.0
1,0.017307277768850327
1,1.0
1,0.9992884397506714
1,1.0
1,1.0
1,0.9999995231628418
1,1.0
1,0.9999918937683105
1,0.999998927116394
0,0.0035385971423238516
0,1.856728312765732e-12
1,0.4187788665294647
1,1.0
1,1.0
1,0.0022431754041463137
1,0.9999619722366333
0,0.8589962720870972
0,3.688279237365743e-16
0,0.11618426442146301
1,0.9999998807907104
1,0.08145611733198166
0,0.012733451090753078
1,0.9989179372787476
0,0.9999992847442627
1,1.0
1,1.0
1,0.9999998807907104
1,0.9770128726959229
1,1.0
0,1.0718408702814486e-06
1,0.9999990463256836
0,7.527440175181255e-05
0,3.691179153975099e-05
1,0.9999988079071045
1,0.9999698400497437
0,0.014182048849761486
0,3.5507790130395733e-07
0,3.789465215144755e-13
0,2.256185098303831e-06
1,1.0
1,0.00025814297259785235
0,0.05328349024057388
1,0.9999328851699829
0,0.9999954700469971
0,0.014923682436347008
1,1.0
0,5.466187644742604e-07
1,0.5008686780929565
0,3.7267395116072355e-13
1,1.0
1,0.9999982118606567
0,0.9999983310699463
0,3.5155018895949297e-09
0,2.6857371267396957e-05
0,0.0005216208519414067
0,9.486932412983151e-07
0,0.2798374593257904
1,1.0
0,2.455091362207895e-06
0,1.8886461248257547e-06
1,0.9999998807907104
1,1.0
0,2.9633167031306584e-08
0,1.4468072295770185e-09
1,1.0
0,9.034530194185209e-06
1,1.0
1,0.3113727867603302
1,1.0
1,0.9999978542327881
1,1.0
1,1.0
0,1.2825471587540882e-11
1,1.0
1,0.9999897480010986
1,0.9859194755554199
1,1.0
0,9.047729676581184e-09
1,0.9934879541397095
1,1.0
1,1.0
1,0.9992018342018127
1,0.9934484362602234
0,0.28144967555999756
1,1.0
1,1.0
1,0.9833396673202515
1,1.0
0,9.539887292403428e-15
1,0.9999765157699585
0,0.9990410208702087
1,1.0
1,0.9659978151321411
1,1.0
1,1.0
1,0.9999992847442627
1,0.9993875026702881
0,0.047778502106666565
1,1.0
1,1.0
1,1.0
0,0.21439501643180847
0,0.9999991655349731
1,0.9999902248382568
1,1.0
1,1.0
1,1.0
1,1.0
1,1.0
1,1.0
0,2.1934763481112896e-06
1,1.0
0,3.8199114010817325e-11
1,0.9999998807907104
1,1.0
0,0.009654214605689049
1,9.105597200687043e-06
0,1.337341757334798e-07
1,1.0
0,0.39749833941459656
1,1.0
0,1.2743137631332502e-05
0,1.5494592275899777e-08
0,0.0706094279885292
0,0.00016319449059665203
1,1.0
1,1.0
0,9.564772085468576e-08
1,0.6988590955734253
0,2.0349167243693955e-05
1,0.12301890552043915
1,1.0
1,0.9974607229232788
0,3.5212643619084855e-14
0,0.0030063446611166
0,0.9998751878738403
0,7.657134847249836e-05
1,0.08236754685640335
1,0.3526451587677002
1,0.999996542930603
1,1.0
1,1.0
1,1.0
1,0.00028950319392606616
1,0.9999877214431763
0,1.2266303201613482e-05
0,4.772697437260831e-08
0,8.049542976618085e-11
1,1.0
1,0.9813898205757141
1,0.9999977350234985
1,0.1079750657081604
0,4.6952784542309e-13
1,1.0
1,1.0
1,0.0031864659395068884
0,0.8139997720718384
1,1.0
1,1.0
1,0.9999984502792358
0,0.4144095778465271
0,0.9986870884895325
0,0.021562423557043076
1,0.06464743614196777
1,1.0
1,1.0
0,1.1873256511307773e-07
0,0.010621578432619572
0,2.8784251071556355e-07
1,1.0
0,0.0014361062785610557
1,1.0
1,0.010921585373580456
0,9.464300454453678e-10
0,6.903883931555499e-13
0,3.02199569892931e-14
1,0.4576917886734009
1,1.0
0,4.33206954060213e-15
1,1.0
0,0.00956820696592331
0,1.8543579471952398e-07
0,0.9804162383079529
1,1.0
1,1.0
1,0.9999895095825195
1,1.0
1,0.9999661445617676
1,0.9951677322387695
1,1.0
0,0.0029658235143870115
1,0.9999887943267822
1,0.9437702894210815
0,8.498493843944743e-05
1,1.0
1,0.2644233703613281
0,9.125852557190228e-06
0,5.2494946167769285e-09
1,0.9934098124504089
0,1.628077406223838e-08
1,1.0
1,0.9997461438179016
1,0.9998651742935181
1,0.9999762773513794
1,1.0
0,0.9998440742492676
0,0.00010141608072444797
1,0.5893160700798035
0,1.0648133416668593e-11
1,1.0
1,1.0
0,0.01989809051156044
1,1.0
1,0.9991101622581482
1,1.0
0,3.9648266891845196e-08
1,1.0
0,4.0013881630329706e-07
0,5.1688031817320734e-05
1,0.9348708987236023
1,0.9999998807907104
0,2.3049133233143948e-05
1,1.0
0,0.028732070699334145
0,4.685109900037787e-08
0,0.0001541718520456925
1,1.0
1,1.0
1,1.0
1,1.0
1,1.0
0,0.007443283684551716
1,1.0
1,0.00016204456915147603
0,5.618948080154951e-07
0,1.161903689581023e-13
0,6.424653747671982e-06
0,1.6576697348114067e-08
0,0.008009731769561768
0,0.9998177886009216
1,0.00010285525058861822
0,1.1974844943765661e-12
1,0.9999910593032837
1,1.0
1,0.9997649788856506
1,1.0
0,0.4213065505027771
0,9.011212864220783e-14
0,9.283632212584922e-14
0,6.759869961570075e-07
0,3.036958773350307e-08
1,1.0
0,0.8825211524963379
0,3.0302323921205243e-06
1,0.9999837875366211
1,0.9951643943786621
1,1.0
0,0.9809061288833618
1,0.9999934434890747
0,0.021259037777781487
1,0.9999523162841797
1,0.00014865437697153538
0,0.2956182062625885
1,0.99998939037323
1,1.0
0,0.02660526894032955
1,0.9993625283241272
0,1.952563674049464e-16
1,0.9994639754295349
0,8.708935807753837e-13
1,0.18322652578353882
1,0.9999998807907104
0,3.4162509109592065e-05
0,0.9999996423721313
1,0.0008867798023857176
1,1.0
0,7.452287718479056e-06
1,1.0
0,4.9380162181478227e-08
1,1.0
1,1.0
1,0.06575527042150497
0,0.0018711595330387354
0,0.00020151271019130945
1,1.0
1,1.0
0,0.9999982118606567
1,0.999993085861206
1,1.0
0,0.0007095838664099574
1,0.6216837763786316
0,0.23387260735034943
1,0.9998406171798706
1,0.9999995231628418
0,0.9999988079071045
1,1.0
0,1.1788721998584606e-08
0,2.414245955151273e-06
1,0.9998818635940552
1,0.999998927116394
0,0.9960556030273438
0,0.00013687362661585212
1,0.9999996423721313
1,0.9999865293502808
1,0.9998326301574707
1,0.8438358902931213
0,7.328984793275595e-05
1,0.6730334758758545
0,1.7974996808334254e-05
1,0.9999990463256836
0,0.0013697572285309434
0,3.3052670914912596e-05
1,0.9999423027038574
0,2.7880250854650512e-05
1,1.0
1,1.0
0,0.9932250380516052
1,0.9999994039535522
1,1.0
1,1.0
1,1.0
0,0.0002502418647054583
1,8.234426474018619e-08
1,0.9981474876403809
1,0.9999977350234985
0,0.00014945057046134025
0,6.192683213157579e-05
0,0.007536726072430611
1,0.9523032307624817
1,1.0
0,7.381616029533689e-08
1,0.9999990463256836
0,0.0008508595637977123
0,0.14859448373317719
1,0.9999898672103882
1,1.0
1,0.011332042515277863
1,0.9322895407676697
0,9.156670444099291e-07
1,0.997036337852478
0,0.4456106424331665
1,1.0
1,1.0
1,0.9999990463256836
1,0.05260946974158287
1,1.0
1,0.9994537234306335
0,3.318316885270178e-05
1,0.9999970197677612
1,1.0
1,1.0
1,0.9893961548805237
1,1.0
1,0.9917678833007812
1,0.9999994039535522
1,1.0
1,0.998166561126709
1,1.0
0,0.0029916565399616957
0,0.0001810154935810715
0,1.4728840369571117e-07
0,1.106495606251201e-08
1,1.0
0,0.3555317521095276
0,0.001269584521651268
1,1.0
1,1.0
0,0.0002057702513411641
1,1.0
1,0.9999988079071045
0,0.27734389901161194
1,0.9996359348297119
0,3.7119461921975017e-05
1,1.0
1,0.9999639987945557
1,1.0
1,1.0
0,2.0574944861322412e-15
1,0.9378461241722107
1,0.9259793162345886
1,1.0
1,1.0
1,1.0
1,0.9998020529747009
0,4.5502714783651754e-05
0,2.3504938440055412e-08
1,1.0
0,1.5477909983019345e-05
1,1.0
1,0.9999998807907104
0,1.030529106493816e-09
1,1.0
1,1.0
1,1.0
0,0.0008486663573421538
1,0.018815189599990845
0,3.358884376623221e-15
0,0.0353294312953949
1,0.998530387878418
1,1.0
1,0.8667722344398499
1,0.9970364570617676
0,1.979527514128776e-10
1,1.0
0,1.8085107855725369e-09
1,1.0
1,0.9995817542076111
0,9.945793104024214e-15
0,1.1044170786234098e-11
0,2.3603611225553323e-06
1,1.0
0,5.749928823206574e-05
1,1.0
1,1.0
0,0.00440917769446969
0,0.06281235814094543
1,1.0
0,7.46268735696276e-09
1,1.0
0,5.305604844352274e-08
0,0.023830192163586617
1,0.9999994039535522
0,0.9979288578033447
0,5.332703167937325e-08
1,0.9999992847442627
0,8.927430462790653e-05
1,1.0
1,1.0
1,0.884523332118988
1,1.0
1,1.0
0,1.2037086889904458e-05
1,1.965438059414737e-05
1,0.9994971752166748
1,1.0
1,1.0
0,5.462961780722253e-07
0,0.00027696898905560374
1,1.0
1,1.0
1,1.0
1,1.0
1,1.0
0,4.4505271944217384e-05
1,0.9999921321868896
1,0.9829219579696655
0,7.598913498441107e-08
0,0.013740123249590397
1,0.00018420616106595844
1,1.0
0,0.3137843906879425
1,0.01303220447152853
0,0.9943706393241882
1,0.11356351524591446
0,5.665834032697603e-05
0,3.0409231840167195e-05
0,0.16922402381896973
1,1.0
1,0.9999982118606567
1,1.0
1,1.0
1,0.99347984790802
0,0.1224987730383873
1,1.0
0,9.214823512593284e-05
0,1.8079132635406836e-10
0,3.3575066282764965e-08
1,0.9999998807907104
0,2.7968122040533672e-08
1,0.9994174242019653
1,0.4230334162712097
1,0.9999130964279175
1,0.9999984502792358
1,1.0
1,1.0
1,0.002675288589671254
0,6.0220500017749146e-06
0,0.00044157187221571803
1,1.0
0,0.9999597072601318
0,1.5761747647075747e-13
1,1.0
1,1.0
1,0.9999998807907104
1,0.9999998807907104
0,1.6921873111641617e-06
1,0.999998927116394
1,1.0
1,1.0
1,0.9999521970748901
1,0.04397927597165108
1,1.0
1,0.9999923706054688
1,0.09262003004550934
1,0.9997709393501282
1,1.0
1,0.9999065399169922
0,1.0436138619951407e-09
1,0.00046671568998135626
1,1.0
1,0.9999939203262329
0,1.297494145546807e-05
0,7.794485057388556e-09
1,0.9999977350234985
1,1.0
0,0.9999383687973022
1,1.0
0,7.583465958305169e-06
1,1.0
1,1.0
0,4.252129599535692e-07
1,0.9999988079071045
1,1.0
0,6.165677768876776e-05
0,0.05175379663705826
1,1.0
0,0.9999996423721313
0,0.0012654111487790942
0,2.1569323507719673e-05
1,3.0176215659594163e-06
0,5.748070543631911e-05
1,0.9999998807907104
0,6.201585165399592e-07
0,1.6367821444873698e-05
1,0.9997265934944153
1,0.9981065988540649
1,1.0
0,0.1756909042596817
0,0.9993093013763428
1,1.0
1,0.9999990463256836
0,3.033294342458248e-05
1,1.0
0,0.9998644590377808
0,5.966182214933724e-09
1,1.0
0,0.9998639822006226
1,1.0
0,0.15563878417015076
1,0.10905373841524124
0,0.0004374300769995898
1,1.0
1,1.0
1,0.9999521970748901
0,1.0488382031326182e-05
0,4.022873700826324e-11
0,0.9999943971633911
1,0.9999958276748657
0,0.00011995743989245966
1,1.0
0,0.9999911785125732
0,4.989291113588479e-08
1,0.8970844745635986
0,4.573770411298028e-07
1,0.9999982118606567
0,0.06685470044612885
1,0.9801865220069885
0,5.255661380942911e-05
1,1.0
0,1.118751970352605e-05
1,0.8498607277870178
1,0.005958179011940956
0,0.05815306305885315
1,0.030645528808236122
0,0.9995973706245422
1,0.9994561076164246
0,7.088327863037647e-13
1,1.0
1,0.7516577243804932
1,1.0
1,0.9888816475868225
1,1.0
0,1.4066898756937007e-06
0,9.13852454687003e-06
1,1.0
0,0.1954236775636673
0,2.3694115043326747e-06
0,2.572979269643838e-07
1,0.9999967813491821
0,6.600136970291715e-08
0,2.663204412556297e-08
1,1.0
1,1.0
1,0.9999988079071045
1,1.0
0,0.10346365720033646
1,0.9385116696357727
1,1.0
0,2.211424470735697e-14
1,0.9510999321937561
0,5.056808004155755e-05
0,9.518182196188718e-05
0,4.011690610782048e-13
1,0.0003792356001213193
0,2.758193597902415e-15
1,1.0
1,0.9999760389328003
1,1.0
1,1.0
1,1.0
1,1.0
1,1.0
0,1.4202115029252234e-14
1,0.903151273727417
0,0.16392914950847626
0,3.163452388932342e-09
1,0.005232567898929119
1,0.9999884366989136
0,3.226978833481553e-06
1,1.0
0,0.9985004663467407
1,1.0
1,1.0
1,1.0
1,0.08645930141210556
0,3.11846748424216e-09
0,0.037761084735393524
1,0.21260596811771393
0,0.9998756647109985
0,1.4356774435952957e-08
1,1.0
0,0.3424604833126068
1,0.08812262117862701
1,0.930535078048706
0,3.1750974970685877e-15
1,1.0
0,3.768816532101482e-05
0,1.901869239873122e-08
1,0.9998165965080261
0,1.695942017931884e-07
1,0.9999996423721313
1,1.0
1,1.0
0,1.2510712110724853e-07
1,0.9837726950645447
0,4.939503560308367e-05
0,1.0311104233551305e-05
1,0.9803189635276794
1,0.9999998807907104
1,0.9544011950492859
0,1.2044683028733516e-09
0,3.252594069635961e-07
1,1.0
0,0.0004337796999607235
1,1.0
1,1.0
1,1.0
0,8.101692827722218e-08
1,5.156785846338607e-06
1,0.11028803139925003
1,1.0
1,0.9999961853027344
1,0.9990370273590088
1,1.0
1,0.9999984502792358
1,1.0
1,1.3155706255929545e-05
0,0.00011458637891337276
0,9.381869858771097e-06
1,0.9987627267837524
0,0.9998087286949158
1,0.9999963045120239
1,0.2542061507701874
1,0.9999988079071045
1,1.0
1,1.0
0,0.02117762342095375
1,0.0014102417044341564
1,1.0
1,0.8798497319221497
1,1.0
1,0.9999772310256958
1,1.0
1,0.17390961945056915
0,6.15360931988107e-06
1,1.0
1,1.0
1,0.999914288520813
0,9.969026201327863e-14
0,0.0003006696642842144
1,0.999995231628418
1,1.0
1,0.9987742304801941
1,1.0
1,0.9999996423721313
0,6.912643129908247e-06
0,0.0009508097427897155
0,2.5558595240227078e-08
1,1.0
0,4.0572864236310124e-05
0,6.119145837146789e-05
1,1.0
0,0.9998130202293396
1,1.0
0,2.346598921576515e-05
0,2.9496026954234367e-08
0,1.9211684719748663e-14
1,1.0
0,0.0005951945786364377
1,0.2800791561603546
1,1.0
1,0.943178117275238
1,0.9296988844871521
0,5.607429557130672e-06
1,1.0
1,1.0
0,0.9983230233192444
1,1.0
1,0.9999980926513672
1,0.9999998807907104
1,1.0
1,1.0
1,0.958928644657135
0,3.818473093275543e-09
1,1.0
1,1.0
1,0.9999996423721313
0,0.0001640993868932128
1,1.0
1,0.9999998807907104
0,2.2559440822078614e-06
0,1.671370591793675e-05
1,1.0
0,1.3944645812407133e-14
0,0.0007455655722878873
0,0.0005550358910113573
1,1.0
0,3.5211351195885143e-11
1,0.5433482527732849
1,1.0
0,0.9999998807907104
0,0.18579767644405365
1,0.9999626874923706
1,1.0
0,0.9863183498382568
0,2.911968476837501e-05
1,0.9999886751174927
1,1.0
0,6.972461960685905e-06
0,0.36975911259651184
0,0.0002747806429397315
1,1.0
0,2.3734028631317017e-11
0,1.2823702491004951e-06
1,0.9994841814041138
1,1.0
0,8.1270874474626e-09
1,0.00031404729816131294
1,1.0
1,1.0
1,0.9999263286590576
1,1.0
1,1.0
1,1.0
1,0.9994208812713623
0,1.2575046639540233e-06
0,0.019155142828822136
0,1.1579354364243954e-08
1,0.9999822378158569
0,1.0872962974417533e-08
0,0.32437124848365784
0,1.449693968424981e-06
1,1.0
0,7.017270604592341e-07
0,0.9999985694885254
0,0.00014365876268129796
0,4.248620552593785e-11
1,0.9886926412582397
0,0.5780079960823059
0,4.5049837353872135e-05
1,1.0
0,2.2271384736427535e-09
1,1.0
1,1.0
1,0.00253978930413723
1,1.0
1,1.0
1,1.0
1,0.9982151985168457
1,1.0
1,0.999991774559021
0,0.000934278650674969
1,0.9999618530273438
1,0.006892950274050236
1,0.976466715335846
1,1.0
0,0.9998377561569214
1,1.0
1,1.0
1,0.9719350337982178
1,0.9999865293502808
1,1.0
0,9.255438193633836e-09
1,0.9999997615814209
1,0.00864647887647152
0,7.74448778884107e-07
1,1.0
1,0.9999986886978149
0,0.004961964674293995
0,0.9980610013008118
1,0.046060144901275635
1,0.0016370736993849277
1,1.0
1,1.0
0,0.28369444608688354
1,1.0
1,0.9999939203262329
0,0.9998040795326233
1,0.9987407326698303
1,1.0
0,3.913899604413018e-07
1,0.9999995231628418
0,3.203981032129377e-05
1,1.0
1,0.9999996423721313
0,0.0001399558677803725
1,1.0
1,0.9996067881584167
1,0.11878801137208939
0,0.9999665021896362
1,1.0
0,2.783689160423819e-05
0,2.871657756031709e-08
1,0.01704900898039341
1,1.0
1,0.9999992847442627
0,1.7664059451250047e-11
0,0.0003708812582772225
1,0.9996433258056641
0,0.0002696184383239597
1,0.9990087747573853
0,5.810651055071503e-05
1,1.0
1,1.0
1,0.6031436920166016
1,0.9990087151527405
1,0.0012232715962454677
1,1.0
1,1.0
1,1.0
1,1.0
1,1.0
0,1.317717379656358e-09
1,1.0
1,0.9924141764640808
0,5.256443182588555e-05
1,0.9849233627319336
1,1.0
1,0.928015410900116
1,0.9814600944519043
0,0.33059757947921753
1,1.0
1,1.0
1,1.1624290891631972e-05
0,0.007283321116119623
0,0.000793036597315222
1,0.1043948158621788
1,0.9998793601989746
1,0.9997050166130066
0,3.5878549624612788e-06
1,1.0
0,0.999882698059082
0,1.5105147355143345e-08
0,1.973275587374701e-08
0,2.0321890062561046e-16
1,1.0
1,1.0
1,1.0
1,1.0
0,2.0586387683516755e-13
1,1.0
1,1.0
0,1.213317091242061e-06
1,1.0
0,9.301716090703849e-06
1,1.0
1,0.9904307723045349
0,3.240912205271229e-09
1,1.0
0,0.14886005222797394
1,0.9944288730621338
1,0.9999998807907104
0,8.721465254634894e-14
0,1.665957256591355e-07
1,1.0
1,1.0
1,1.0
1,1.0
0,2.1758630053964056e-12
0,7.216048869551628e-10
1,1.0
0,4.190981783835923e-09
1,0.3059026300907135
1,0.999541163444519
1,1.0
1,0.0024462847504764795
1,1.0
0,0.9993429780006409
1,1.0
1,0.9999973773956299
0,6.260118880163645e-06
0,2.6534458811511286e-05
0,0.00020670806406997144
0,0.47795966267585754
0,0.9999955892562866
1,0.999992847442627
0,2.5266247427602195e-10
1,1.0
0,6.317538492339736e-09
0,1.2053806841549886e-09
0,0.999987006187439
1,1.0
1,1.0
0,0.00020989548647776246
1,1.0
1,1.0
0,1.0983487036542172e-10
1,1.0
1,1.0
0,0.002515649190172553
0,1.1274049711573753e-06
1,0.9999979734420776
1,1.0
1,1.0
0,2.5069584808079526e-07
1,1.0
1,1.0
1,0.9999926090240479
0,0.00011179477587575093
1,2.930226401076652e-06
0,7.540350634371862e-05
0,0.021898601204156876
1,1.0
0,8.299180898063696e-09
0,7.81256925819207e-09
1,0.7091187834739685
0,0.0007810023962520063
0,3.3658685424597934e-05
1,1.0
0,0.027577687054872513
1,0.0030443943105638027
0,3.869997638322742e-12
1,0.9927062392234802
1,1.0
0,0.3794237971305847
1,0.9999791383743286
1,0.9983007311820984
1,1.0
0,0.012596680782735348
1,0.9935346841812134
1,0.9999980926513672
0,5.929258820036587e-12
1,1.0
0,7.539537050238465e-11
0,3.2275206649501342e-06
1,0.9999992847442627
0,4.394231291371398e-05
0,1.3909623703511897e-05
1,0.03643074259161949
0,3.1893460311974153e-13
1,1.0
1,1.0
1,1.0
1,0.9930763244628906
1,0.997843861579895
1,1.0
1,0.9940478801727295
0,6.96744245942682e-05
1,0.9991164803504944
0,0.45703527331352234
1,0.9999998807907104
1,0.010223529301583767
1,0.9741985201835632
1,1.0
0,0.48588815331459045
1,1.0
0,5.884850939885666e-10
1,1.0
1,1.0
1,0.9999039173126221
0,1.4243477342132556e-15
0,1.533123493541416e-15
1,3.426247712923214e-05
1,0.9959564805030823
1,1.0
1,1.0
1,1.0
0,0.10671332478523254
1,1.0
0,8.476735979812133e-11
0,0.004834209103137255
0,0.1300434023141861
0,4.386568980407901e-05
0,0.1229005828499794
0,2.393097020103596e-05
0,4.23256345527534e-08
0,0.00011290208203718066
0,1.5387953064549542e-11
1,1.0
1,0.9996713399887085
1,0.9999963045120239
0,1.1794105603257776e-06
1,1.0
1,0.9917816519737244
1,0.6491214036941528
0,0.9978907704353333
1,0.9999959468841553
1,0.32911622524261475
1,1.0
1,1.0
0,9.607327956473455e-05
1,0.9699767231941223
1,0.9999998807907104
1,0.9867560863494873
0,3.2051528098264725e-09
1,1.0
1,0.9997166991233826
0,4.2794788896571845e-05
0,1.6243344362010248e-05
1,1.0
1,0.055280014872550964
1,1.0
0,0.031996969133615494
0,0.20656833052635193
1,1.0
1,1.0
0,1.4040672791093556e-10
1,0.999414324760437
0,0.03399466350674629
1,1.0
1,0.9993805885314941
0,3.737667064740435e-09
0,0.0004916407633572817
1,0.9978317618370056
0,5.85237899031199e-07
1,1.0
0,2.615397320937518e-08
1,0.9999995231628418
1,0.9996125102043152
0,0.00019648234592750669
1,0.9240543842315674
1,1.0
1,1.0
1,0.9999963045120239
1,0.03498239815235138
0,6.898990250192583e-06
0,1.0647586350387428e-05
1,1.0
1,1.0
0,1.1104026270913891e-05
0,9.738897688293946e-09
0,2.3799930914947254e-08
1,1.0
0,7.655660010641441e-05
1,0.9498006701469421
1,1.0
1,1.0
0,2.3466387117981533e-14
1,1.0
1,1.0
0,1.4155020471723345e-12
1,0.9991586208343506
1,1.0
1,1.0
1,0.6288089156150818
0,4.6623526941402815e-06
1,1.0
1,1.0
1,0.9999759197235107
0,0.14548756182193756
0,0.04778289049863815
1,1.0
1,0.009552417322993279
1,0.9999675750732422
0,3.4126856917282566e-05
0,1.8487111147491575e-11
0,1.004527575787506e-06
1,1.0
1,4.423599239089526e-05
1,1.0
1,1.0
1,0.9801965355873108
1,0.9998811483383179
1,1.0
1,0.16454599797725677
1,8.24846574687399e-05
1,1.0
0,1.3845683565047624e-14
1,0.9999897480010986
1,1.0
1,1.0
1,1.0
1,1.0
1,1.0
0,1.438313574908534e-06
1,1.0
0,1.641700180243788e-07
1,0.999751627445221
1,1.0
0,0.36146649718284607
1,1.0
1,1.0
1,1.0
1,1.0
1,1.0
0,2.2751895768731217e-15
1,1.0
0,0.9999444484710693
1,1.0
1,1.0
1,0.9999998807907104
0,7.518874190282077e-05
0,1.5728455764474347e-05
1,0.9999277591705322
0,1.358138934648423e-09
0,0.008566527627408504
1,1.0
1,0.9999954700469971
1,0.9879255294799805
1,1.0
1,0.9999992847442627
1,0.9999992847442627
1,1.0
0,0.9997838139533997
1,1.0
1,0.9872783422470093
1,0.9985263347625732
1,1.0
1,0.9081763625144958
1,1.0
0,0.0017420249059796333
1,1.0
0,2.7316722480463795e-05
1,0.9997356534004211
0,4.373028059490025e-05
1,0.9999958276748657
0,0.03192009776830673
0,3.030074537946348e-07
1,1.0
1,1.0
1,0.9997372031211853
0,0.005367930047214031
0,6.280246100942577e-09
1,0.9111090302467346
0,9.32659168029204e-05
0,5.954665649454682e-09
1,0.9835048317909241
1,0.6797404885292053
1,0.9999992847442627
1,1.0
1,1.0
0,0.29761266708374023
1,0.9999971389770508
1,1.0
1,0.999990701675415
1,1.0
1,0.9997718930244446
1,0.9999958276748657
1,0.0007459870539605618
1,0.9999994039535522
0,4.2427621416152306e-09
0,0.23829402029514313
1,0.999451220035553
1,0.9956843852996826
1,0.35638856887817383
0,6.517005886053084e-07
1,1.0
1,1.0
1,0.009542375802993774
1,0.3068232834339142
1,1.0
0,0.9985296726226807
1,0.9992552399635315
1,0.3657500445842743
1,1.0
1,0.14970211684703827
1,0.9986020922660828
0,3.1776568221175694e-07
1,1.0
1,1.0
1,1.0
0,0.000168772108736448
1,0.0029488964937627316
0,2.6326968509238213e-05
0,0.9989080429077148
1,1.0
0,8.308827545988606e-07
1,0.9999995231628418
1,0.9999995231628418
0,1.2305143854973721e-06
1,1.0
1,0.01688826084136963
1,0.999951958656311
0,0.0002676976437214762
1,1.0
1,1.0
0,0.797023594379425
0,2.7141889657431332e-15
1,1.0
1,1.0
1,1.0
0,1.7506464473626693e-06
0,1.0862912859010976e-05
1,0.9999861717224121
0,1.1935384236494428e-06
1,1.0
0,0.000376997486455366
0,0.006305828224867582
1,0.9999998807907104
0,1.098276309306756e-12
0,8.294417784782127e-05
0,7.669955337519241e-09
1,0.5462680459022522
0,0.03202623873949051
1,1.0
1,1.0
1,1.0
1,1.0
1,0.9959243535995483
1,1.0
0,0.9901342988014221
1,1.0
1,1.0
1,0.9999997615814209
0,1.7992009816225618e-05
1,1.0
0,0.0781397670507431
0,1.7745815233949358e-11
0,0.00047711763181723654
1,0.6401455402374268
1,1.0
0,0.7605059742927551
1,1.0
0,2.5973575247917324e-05
0,1.512263736458408e-07
0,0.0012361706467345357
0,0.00018747878493741155
0,8.914862519304734e-06
1,1.0
1,1.0
1,0.4263417720794678
1,1.0
1,1.0
1,1.0
1,0.0036921619903296232
1,1.0
0,1.0705316841330692e-11
0,0.0002178177674068138
0,0.22231310606002808
1,0.00012931083620060235
1,0.9999977350234985
0,0.003672367660328746
0,2.4348069133789396e-12
0,5.975260650853409e-12
1,1.0
0,3.0799687920080032e-06
0,0.9993131160736084
0,0.9999891519546509
1,1.0
0,4.904595130028611e-07
1,1.0
1,1.0
0,0.03512352332472801
0,0.9990788698196411
0,3.4242608748513703e-09
0,2.18106110429217e-12
1,0.9998183846473694
1,1.0
1,0.9999428987503052
0,4.2857544227913047e-13
1,1.0
1,1.0
1,0.9999945163726807
0,0.0030409141909331083
1,1.0
0,0.00013033198774792254
1,1.0
1,1.0
1,1.0
0,0.9921758770942688
0,1.6329668520165264e-11
1,0.9999992847442627
0,0.5996009707450867
0,1.9075559976045042e-05
0,0.00011900917161256075
0,5.2010062063345686e-05
0,3.4897693694802e-05
0,0.00011591900693019852
1,0.9994319081306458
1,0.004383763764053583
1,1.0
0,0.00013681034033652395
1,0.003005344420671463
1,0.8647471070289612
1,0.9999819993972778
1,1.0
0,0.0039029764011502266
1,1.0
0,0.9999936819076538
1,1.0
0,7.141675723687513e-06
1,1.0
1,1.0
1,1.0
1,0.9996532201766968
0,1.8611081031849608e-07
1,1.0
1,1.0
0,0.9999940395355225
0,8.062900451477617e-05
0,1.8756920781015651e-06
0,0.2837636172771454
0,5.137941116117872e-05
1,1.0
1,0.15765465795993805
1,0.9999992847442627
1,1.0
1,0.9999947547912598
1,0.9948208332061768
1,0.002600646112114191
1,0.9994325041770935
1,1.0
0,0.0007667233585380018
1,1.0
0,4.9083801911820046e-08
0,9.895244346136423e-13
1,0.9998937845230103
1,0.999868631362915
1,1.0
1,1.0
0,4.851233015301659e-08
0,4.0702183468965814e-05
1,1.0
0,0.0020167389884591103
1,1.3119098184688482e-05
1,1.0
0,0.06372025609016418
1,1.0
0,9.2499511083588e-05
0,9.464954153770577e-09
0,2.1646587300416797e-11
0,1.0796823517011944e-05
1,0.016757167875766754
1,1.0
1,1.0
0,3.169715823148067e-09
1,0.22554314136505127
1,0.9999998807907104
1,0.010295956395566463
0,0.0001977449719561264
1,0.031130541115999222
1,0.9999997615814209
1,1.0
0,0.012465527281165123
0,9.145386866293848e-05
1,1.0
1,0.9433455467224121
0,2.1560160323730315e-09
0,0.019537704065442085
0,1.6781990552772186e-07
0,7.813218689989299e-05
0,1.734389343255316e-06
1,0.0017205061158165336
0,2.6828406163303953e-10
1,1.0
0,0.2932192385196686
1,0.9999592304229736
0,0.8518112897872925
0,0.9999005794525146
0,1.0817629458870215e-08
0,0.1604209840297699
0,0.08881392329931259
1,0.496051162481308
1,1.0
0,0.9996237754821777
1,0.9995415210723877
0,1.104467264667619e-05
0,3.9260748962988146e-06
1,1.0
0,3.0963832843219907e-13
0,0.032121796160936356
0,0.018997613340616226
1,1.0
0,0.9999206066131592
0,0.00015482550952583551
0,4.384941368340556e-11
1,1.0
1,1.0
0,1.7540891349199228e-05
1,0.9946751594543457
1,1.0
0,7.15870140943764e-11
1,1.0
1,1.0
1,1.0
0,2.4093395040836185e-05
1,1.0
0,3.9323211353803345e-08
0,0.6684057116508484
1,1.0
0,0.9999688863754272
1,0.9999997615814209
0,7.309214167347967e-15
0,0.2291036993265152
1,1.0
0,9.589953207629967e-14
1,0.9855049252510071
1,0.9999927282333374
1,1.0
0,0.0013959654606878757
1,0.9999649524688721
1,1.0
0,0.49027928709983826
1,1.0
0,0.005191044881939888
1,1.0
1,1.0
1,1.0
1,1.0
1,1.0
0,1.0736214001161315e-11
0,0.0011459673987701535
1,0.9626731872558594
1,0.0008217268041335046
0,2.8187784680173966e-13
0,8.864410483511165e-05
1,0.999298095703125
1,0.7856122851371765
0,7.498617549117625e-08
0,2.030284122156445e-05
1,1.0
1,0.999225378036499
1,0.998172402381897
1,0.004443116020411253
0,1.4625589151232021e-12
1,1.0
0,2.8570013455464505e-05
0,1.1991616588602483e-09
0,2.732479879341554e-05
1,1.0
1,0.024285655468702316
1,0.00038475432666018605
0,0.9958490133285522
1,1.0
1,1.0
1,0.2772679924964905
1,0.003439728170633316
0,5.718788997910451e-08
1,0.9999994039535522
1,1.0
1,1.0
1,0.42249688506126404
0,1.1419091450193264e-08
1,1.0
0,0.06501667201519012
1,0.9999361038208008
1,1.0
1,0.9999997615814209
0,1.948259864548163e-08
1,0.01711629517376423
1,1.0
1,0.9999877214431763
0,5.678269189957064e-06
1,1.0
0,4.112992446625441e-10
0,0.0001673350780038163
1,1.0
1,1.0
1,0.648484468460083
0,2.40414438357206e-10
1,1.0
0,0.00018240119970869273
1,0.9751953482627869
1,1.0
0,6.409818964665803e-13
1,1.0
1,1.0
1,1.0
1,0.41457927227020264
1,0.002815153682604432
1,0.9957122802734375
1,0.9976871013641357
0,4.027737304568291e-05
1,0.999920129776001
1,1.0
0,0.02940804697573185
1,0.9991052746772766
1,1.0
1,1.0
1,0.9242434501647949
1,1.0
1,0.9999994039535522
1,0.9993364214897156
0,2.7420546979935526e-14
0,0.006270033307373524
1,0.33591291308403015
0,7.306221959879622e-05
1,1.0
0,0.00012222120130900294
0,2.83095963338198e-10
0,1.0884508050456373e-14
1,0.9999843835830688
1,0.9999750852584839
1,1.0
0,0.09937210381031036
0,0.0004645124718081206
1,0.8779019713401794
1,1.0
0,0.00014465782442130148
1,1.0
1,0.03984807804226875
0,0.9999986886978149
1,0.05785754323005676
0,8.962496212916449e-05
1,1.0
1,0.9994578957557678
1,0.9999990463256836
0,0.007798901293426752
0,7.603095128309867e-14
0,1.0
1,1.0
0,0.999901294708252
0,2.979472810693551e-05
1,0.9999998807907104
0,2.0115609004278667e-05
0,3.1346320611191913e-05
0,0.9999521970748901
1,1.0
1,4.104151594219729e-05
1,0.9975199103355408
0,6.073677241147379e-07
1,0.9997779726982117
1,0.001286816317588091
0,4.921668733004481e-06
0,9.650242132903507e-15
0,4.982434020917026e-08
0,3.188424524402933e-11
1,1.0
0,3.8494366805252866e-08
0,1.0299336938857095e-09
1,0.99826580286026
1,0.9998869895935059
1,0.09127835184335709
1,1.0
1,1.0
1,1.0
1,1.0
0,3.192196527379565e-05
1,1.0
1,0.9998165965080261
1,0.9986862540245056
1,0.002930042566731572
0,1.46219658603286e-08
1,1.0
0,0.9863488674163818
1,0.9999998807907104
1,1.0
1,1.0
1,1.0
1,1.0
0,0.04024451598525047
1,0.0012233625166118145
1,1.0
1,1.0
0,0.04280459135770798
0,0.04057729244232178
0,3.063081540255648e-14
1,1.0
1,0.9999998807907104
1,0.08082650601863861
1,1.0
0,5.90741474297829e-05
0,5.5115124268922955e-05
0,0.9999620914459229
1,0.9999992847442627
1,0.2188919335603714
1,0.9397311806678772
0,7.67087726671889e-09
1,1.0
0,0.9919177889823914
0,0.012179816141724586
1,1.0
1,1.0
0,0.9972386360168457
0,3.787963942158967e-05
0,0.0001674265367910266
1,5.691057231160812e-05
0,3.6636684797031194e-09
1,0.9999929666519165
1,1.0
1,1.0
0,0.00011241823085583746
1,0.010595559142529964
1,1.0
1,1.0
0,5.957786470389692e-06
1,0.10607898235321045
1,1.0
1,1.0
1,0.9999997615814209
1,1.0
1,0.9529929757118225
1,1.0
0,4.32440947406576e-06
0,2.033457313643794e-08
1,1.0
0,0.0006200711941346526
1,1.0
0,0.013053749687969685
1,1.0
1,1.0
0,0.0003188431728631258
1,0.9999985694885254
1,1.0
1,1.0
1,0.7767720818519592
0,6.593255420739297e-06
1,0.9989277720451355
0,0.9999949932098389
1,0.9999821186065674
0,3.704714757191141e-08
0,1.2091506505385041e-05
0,0.0015658679185435176
0,0.08443493396043777
1,1.0
1,0.999904990196228
1,1.0
1,0.013104911893606186
0,0.36075055599212646
0,0.00012290723680052906
1,1.0
1,1.0
0,3.1192877258945373e-07
0,1.2194072041893378e-05
0,9.830626090945316e-09
0,4.899681016468094e-08
0,9.890343062579632e-05
1,0.9999983310699463
0,0.00775380153208971
0,4.640641782316379e-05
0,0.0005244556232355535
1,1.0
1,0.8518426418304443
0,8.761706340010278e-06
0,1.0974630640703253e-05
1,0.09992736577987671
1,0.9999947547912598
0,9.392318922607501e-09
1,0.9999983310699463
0,0.9999841451644897
1,1.0
1,0.6540616750717163
0,4.747853585979067e-13
1,0.9999963045120239
0,0.0001150151583715342
1,0.9999992847442627
1,1.0
1,0.9999710321426392
1,1.0
1,0.01585393026471138
0,0.0020543409045785666
0,5.003753904020414e-05
0,7.004825164358408e-09
1,1.0
0,5.239311046643935e-13
1,1.0
1,1.0
1,1.0
1,1.0
0,4.59953051691172e-17
0,0.456277996301651
1,1.0
1,0.9999998807907104
1,0.5064806342124939
0,7.298971323177472e-12
1,0.9879162311553955
1,0.9842439889907837
1,1.0
0,6.737399527168009e-09
0,0.010401028208434582
1,0.9993083477020264
1,0.018312683328986168
1,1.0
0,2.0517925899965483e-11
0,0.9996930360794067
1,1.0
1,0.9964219331741333
0,3.62086393579375e-06
0,3.2870073596313887e-07
1,1.0
0,3.774063839223629e-10
0,6.164728802104946e-06
0,8.25812549010152e-06
1,0.9997745156288147
0,0.0002775902103167027
1,0.8632817268371582
0,0.7131199240684509
1,1.0
1,1.0
1,0.9715726971626282
1,0.9997485280036926
0,9.608797340189947e-17
1,1.0
0,0.2849549353122711
1,0.00016270970809273422
1,0.9846087098121643
0,0.1132545992732048
1,1.0
1,0.05846273899078369
1,1.0
0,9.422357834409922e-05
1,1.0
0,1.085265012079617e-05
1,1.0
1,1.0
1,1.0
1,1.0
1,1.0
1,1.0
0,9.717183274915442e-06
0,0.029222261160612106
1,0.9071593880653381
1,0.9999661445617676
1,0.9999994039535522
0,0.13145574927330017
0,0.9999364614486694
1,0.9999977350234985
1,1.0
1,1.0
1,1.0
0,0.9960892200469971
0,3.119806191165253e-09
1,1.0
1,0.9960564374923706
0,0.9999803304672241
0,8.238458394771442e-05
0,0.028277836740016937
1,0.9430118203163147
1,1.0
0,1.1323139085873447e-16
1,0.5981881618499756
0,4.6607249259977834e-07
1,1.0
0,0.9972499012947083
1,1.0
1,0.9999878406524658
0,7.0093369686219376e-06
1,0.9999980926513672
1,0.9999998807907104
1,0.9999994039535522
0,0.006063502281904221
1,1.0
0,0.9938437938690186
1,1.0
1,1.0
1,0.0025462687481194735
0,6.791215128032491e-07
0,6.694275447421396e-15
1,1.0
1,0.8266782760620117
1,1.0
0,0.9997900128364563
1,0.9999998807907104
0,1.807692910915648e-06
1,1.0
1,1.0
0,4.932141934449463e-12
0,3.9997423300519586e-05
0,1.3077115779136506e-10
0,0.8507988452911377
0,1.0351279655651524e-07
1,1.0
0,5.575816786063115e-08
0,1.5832919419977998e-09
1,1.0
1,0.011927805840969086
0,0.0010012486018240452
1,1.0
0,5.808333813916988e-09
1,0.011354191228747368
0,0.00010008882236434147
0,2.692044276386696e-08
0,9.76661880258689e-08
0,2.3326944642576564e-07
1,1.0
1,0.999982476234436
1,0.9603263139724731
0,1.250274453923339e-05
0,3.945567732444033e-05
0,1.4485058118240968e-12
1,0.9938306212425232
1,1.0
1,0.15162041783332825
0,0.9999998807907104
0,1.9942511184090073e-13
0,3.2962518162094057e-05
1,0.9999992847442627
0,0.99943608045578
0,2.1683673465718728e-13
1,1.0
0,4.099400712220813e-07
0,0.0035185599699616432
0,7.372266686012097e-10
0,2.0855817638221197e-05
1,1.0
1,1.0
1,1.0
1,1.0
1,0.3188258409500122
1,1.0
1,1.0
0,0.0005904188146814704
0,5.1338952289370354e-06
1,0.9999998807907104
0,1.6863926921573125e-09
0,4.792163194045074e-12
1,1.0
0,0.01350770890712738
1,1.0
1,1.0
0,2.862070358489177e-09
0,0.016115844249725342
0,4.554002316581318e-06
1,1.0
0,0.9999957084655762
0,4.865890801397654e-09
1,0.9996792078018188
1,1.0
0,0.2878056764602661
1,1.0
1,0.9999997615814209
0,0.0011091511696577072
1,1.0
1,1.0
0,7.685672187562886e-08
0,2.5044052050812553e-14
1,1.0
0,9.312895506846663e-14
1,0.9977483153343201
0,3.689838558784686e-05
1,1.0
1,1.0
1,1.0
0,7.03358465220516e-12
0,1.9696806702995673e-05
0,0.00011109096521977335
1,1.0
0,6.185323582030833e-05
1,0.8769055008888245
0,3.380301859579049e-05
1,1.0
1,0.9999964237213135
1,1.0
0,1.0250347258988768e-05
1,1.0
1,1.0
0,0.05599653348326683
1,1.0
0,0.9999797344207764
0,0.9469143152236938
1,0.9999935626983643
1,1.0
0,0.9581574201583862
1,1.0
1,0.9996212720870972
1,1.0
0,3.1493837013840675e-06
0,0.9982622265815735
1,1.0
1,0.9699440598487854
0,3.477118549685687e-12
1,0.9929304122924805
1,1.0
1,0.9999899864196777
1,1.0
0,0.150661900639534
0,2.7988780857413076e-05
0,0.0007335505215451121
1,0.7013819217681885
1,0.9972410202026367
0,1.6371980810989117e-12
1,1.0
0,6.396897333615925e-06
0,5.814266046400007e-07
1,1.0
1,1.0
0,0.00010245468729408458
1,1.0
1,1.0
0,5.710093162192287e-11
1,0.9999927282333374
0,2.4322066582982416e-09
0,4.959914804203436e-06
1,1.0
0,8.119111782889377e-08
0,0.20570886135101318
1,0.999998927116394
1,1.4996605386841111e-05
0,1.3868166206520982e-05
1,1.0
1,1.0
0,1.7266116628888994e-05
1,1.0
0,1.977406645892188e-05
0,0.9998292922973633
0,0.9999439716339111
1,1.0
0,4.446645834832452e-05
1,0.9999998807907104
1,0.5715624094009399
1,1.0
0,0.21093083918094635
0,1.1426150194893125e-06
0,2.8016604574077064e-06
0,0.14645323157310486
1,1.0
0,9.928049138352435e-08
0,0.0013611166505143046
1,0.9999998807907104
1,0.9999357461929321
1,1.0
1,0.9999657869338989
1,1.0
0,0.6344557404518127
0,9.614065675123129e-06
0,0.8178348541259766
1,1.0
0,2.8043814381817356e-08
1,0.9051339626312256
1,1.0
0,0.9989053010940552
1,1.0
1,6.985837535466999e-05
1,1.0
0,2.2501067675761988e-08
1,0.7573184370994568
1,1.0
1,1.0
0,5.405428964877501e-06
0,3.834646486211568e-05
1,1.0
1,1.0
0,0.9969267249107361
0,1.9366772630036166e-09
1,0.9989150762557983
1,0.9922669529914856
1,1.0
1,1.0
1,0.998167872428894
1,0.9764872193336487
1,0.991891622543335
1,0.9999973773956299
0,0.23995746672153473
1,1.0
0,8.125572263650849e-12
0,3.321479744045064e-05
1,0.9986427426338196
1,0.9989620447158813
1,1.0
1,0.06404808163642883
1,0.9999966621398926
1,1.0
1,1.0
1,1.0
1,1.0
1,1.0
0,0.008747274056077003
1,1.0
1,0.9989173412322998
0,2.0087950468078604e-14
1,1.0
0,0.0003124817449133843
1,1.0
1,1.0
1,1.0
0,3.826973227205599e-07
0,3.43596489151346e-13
1,0.9999991655349731
1,1.0
1,1.0
0,1.3104615845804801e-06
1,1.0
1,1.0
0,0.9985217452049255
1,0.9999889135360718
0,0.042989008128643036
1,1.0
0,0.00011162264127051458
1,1.0
0,6.464069595346275e-14
1,0.9998477697372437
1,0.9999997615814209
0,6.210241735971067e-06
1,1.0
0,0.9999511241912842
1,0.9967183470726013
1,1.0
0,3.974819140495356e-09
1,1.0
0,6.668376590823755e-05
0,0.041863664984703064
1,0.999993085861206
1,1.0
1,0.9586836099624634
1,0.9444838166236877
0,8.58600274211696e-11
0,2.6582734790281393e-05
0,0.00021097695571370423
1,0.9999872446060181
0,0.0010178961092606187
1,1.0
1,0.9999996423721313
1,0.992701530456543
1,1.0
1,0.35297662019729614
1,1.0
1,1.0
1,0.9997550845146179
0,5.031461469684473e-09
1,1.0
0,0.004375424236059189
0,0.9994148015975952
1,1.0
1,0.99982088804245
0,4.298783898293301e-11
1,0.999993085861206
0,0.00011247709335293621
0,8.382285750924146e-13
1,1.0
0,0.2640036642551422
0,1.6139775027568248e-07
1,1.0
1,1.0
0,0.9995738863945007
1,0.9722251892089844
0,0.0346340611577034
0,1.8942897440865636e-05
0,5.430895910762956e-08
1,0.9999845027923584
0,1.0115717291592219e-11
1,0.010517085902392864
0,9.7233954221565e-10
1,0.448906272649765
0,4.041168722324073e-05
0,0.060781870037317276
0,2.2168670454902895e-07
1,0.9998718500137329
1,0.9999998807907104
1,1.0
0,5.2957851437440695e-09
0,3.595708264469977e-08
0,1.7767965232451388e-07
1,0.9999998807907104
1,0.09627515822649002
1,1.0
1,0.999993085861206
1,1.0
0,1.9933220755774528e-05
0,6.267716380625732e-13
0,0.9980490207672119
1,1.0
1,0.9998156428337097
1,1.0
1,1.0
1,1.0
0,0.00041442137444391847
1,0.9999983310699463
1,1.0
0,1.3245604350231588e-05
1,1.0
1,0.9837815761566162
1,1.0
0,2.5770490186260986e-09
1,0.9999998807907104
0,0.9995366334915161
0,0.9135793447494507
1,1.0
1,0.9999755620956421
1,1.0
1,0.9999467134475708
1,1.0
1,0.9548445343971252
0,0.9967730641365051
0,5.345391969058255e-07
1,1.0
0,1.925694277815637e-06
1,1.0
1,0.9999986886978149
1,0.13353866338729858
1,0.9999762773513794
0,1.7875237290354562e-08
0,1.8403582657811057e-08
1,1.0
0,0.001731725875288248
1,1.0
1,1.0
0,4.366559551272076e-06
1,0.9999980926513672
0,0.074159637093544
0,0.008354131132364273
1,0.9983899593353271
1,1.0
1,1.0
0,5.618709165468305e-13
1,0.9999998807907104
0,1.6963523918889223e-08
1,1.0
0,0.001140850828960538
1,0.9997636675834656
0,6.784904144296888e-06
0,0.9997085928916931
0,0.9999990463256836
1,1.0610557183099445e-05
1,1.0
0,9.722973537407142e-09
1,0.9999998807907104
0,1.038177401824214e-06
1,0.03856532648205757
1,1.0
1,1.0
1,0.9997938275337219
0,1.8701277440413833e-05
1,1.0
1,1.0
0,0.25932806730270386
1,1.0
0,0.0008557946421205997
0,4.070349859830458e-06
1,0.99997878074646
1,1.0
1,1.0
1,0.9538846015930176
1,1.0
1,1.0
1,1.0
0,0.9999879598617554
1,0.9999871253967285
1,1.0
1,1.0
1,0.9999439716339111
1,0.9999934434890747
1,1.0
0,0.14518672227859497
1,0.9809884428977966
1,0.9999980926513672
1,1.0
1,1.0
0,1.7188486367558653e-07
1,0.15690141916275024
0,3.1012714098166416e-13
0,0.0012111305259168148
0,4.704942057287553e-06
1,1.0
1,0.9737675189971924
1,1.0
0,5.370164944906719e-05
1,1.0
1,0.9999854564666748
1,0.9989544153213501
1,1.0
1,1.0
1,0.953721821308136
1,0.9941583871841431
0,0.3622380793094635
1,1.0
0,0.022472664713859558
0,0.44599056243896484
1,1.0
1,0.9999992847442627
1,0.9995245933532715
0,0.9217127561569214
1,1.0
1,0.9999924898147583
1,1.0
1,0.9651739001274109
0,0.041387271136045456
1,1.0
1,1.0
1,0.2719978392124176
1,0.9998914003372192
1,0.9999996423721313
1,1.0
0,5.167822550097845e-13
0,2.113965180683408e-08
0,2.9262230416549073e-09
0,0.00024747176212258637
1,0.9998249411582947
1,0.9999996423721313
1,0.21684551239013672
1,1.0
1,1.0
0,4.338630606071092e-05
1,1.0
0,3.683313707369962e-07
1,0.9999997615814209
0,0.00012392330972943455
0,0.00026350576081313193
0,0.040008094161748886
1,1.0
1,0.9999949932098389
1,1.0
1,1.0
1,1.0
0,0.0019154769834131002
1,1.0
1,1.0
1,1.0
1,1.0
1,1.0
1,1.0
1,1.0
0,4.667123721446842e-05
1,0.9996845722198486
0,0.9918836355209351
1,0.9999966621398926
0,7.53105950934696e-07
0,2.3432817215507384e-06
1,1.0
1,1.0
0,5.164911726751598e-06
1,1.0
1,1.0
0,0.655226469039917
0,4.053709119489213e-07
1,1.0
0,0.01500740833580494
0,5.837184289703146e-06
1,1.0
0,1.2559760875774373e-07
1,1.0
0,0.11572810262441635
0,0.9999973773956299
1,1.0
1,0.9986258745193481
1,0.9998434782028198
0,1.0275015682736921e-07
1,1.0
1,0.9574220180511475
1,0.9999966621398926
1,1.0
1,1.0
0,0.04082181304693222
1,0.9739322662353516
1,1.0
1,1.0
1,0.9261817932128906
1,0.9742597341537476
1,0.9998880624771118
1,1.0
0,5.113088771824259e-11
1,1.0
0,3.9719163830338744e-13
0,5.511759809451178e-05
1,0.0001401734334649518
0,3.254498537330619e-08
1,0.919137716293335
1,0.9999978542327881
1,0.9998180270195007
1,1.0
0,0.001603060169145465
0,0.9999998807907104
0,1.9850739108040472e-10
1,0.9995906949043274
0,6.226168669173915e-13
1,1.0
0,4.198791066301055e-05
0,0.18603575229644775
0,8.338907897531556e-10
0,0.8344792127609253
1,0.9998489618301392
0,0.08592666685581207
1,1.0
1,1.0
0,1.0492563887964934e-05
0,0.12632796168327332
1,1.0
0,0.4445844888687134
0,4.469281975616468e-06
1,0.9999651908874512
1,1.0
1,1.0
1,1.0
1,0.4792725741863251
0,1.4956064164906024e-09
1,0.9999996423721313
1,0.9999715089797974
0,6.372104053298244e-06
1,1.0
1,0.9999929666519165
1,1.0
1,0.9999876022338867
0,0.9996377229690552
0,0.06008110195398331
0,3.0692675068166864e-07
1,0.9999977350234985
1,1.0
0,0.8623183369636536
1,0.7634485960006714
1,0.9996706247329712
0,8.045000868150964e-06
0,3.0116018024273217e-05
1,1.0
0,4.049931501270976e-09
1,0.9999998807907104
1,0.9999977350234985
1,0.4713928997516632
0,9.809005860006437e-06
0,7.4312533904219435e-09
1,1.0
1,1.0
1,0.9999934434890747
0,3.037335211494201e-16
0,3.166980968671851e-05
0,5.2242384029899114e-11
0,0.020774612203240395
1,1.0
0,0.0009828152833506465
0,2.7005349068076612e-08
1,0.9980459213256836
1,1.0
0,1.9572886230889708e-05
1,0.9999867677688599
1,0.999998927116394
1,1.0
1,1.0
1,1.0
1,0.6205458641052246
1,1.0
0,0.9999891519546509
1,1.0
1,1.0
0,4.9062517064157873e-05
1,0.00024494569515809417
0,5.106483627059788e-07
1,1.0
0,2.2040419935365207e-05
1,0.9684780240058899
0,4.718650359336607e-08
1,1.0
1,0.9999990463256836
0,0.6144276261329651
0,0.07615498453378677
0,1.009187508316245e-05
1,1.0
1,0.9564222097396851
1,1.0
1,0.17257219552993774
0,0.0003004355530720204
1,0.9999754428863525
1,0.9990496039390564
1,1.0
0,0.023929893970489502
1,0.20358265936374664
0,9.545891771267634e-06
1,0.0015382971614599228
1,1.0
0,1.2103459084755741e-05
1,5.616836278932169e-05
1,1.0
1,0.9997145533561707
1,1.0
0,1.4840469475529972e-06
1,0.9999986886978149
0,7.0418377795533615e-09
0,0.24910704791545868
1,1.0
1,8.913529114806806e-08
0,7.103511597961187e-05
1,0.9999892711639404
1,1.0
1,1.0
1,0.057315483689308167
1,0.9979609251022339
1,0.989029049873352
1,0.9985395669937134
1,0.9686417579650879
1,1.0
0,0.0037138755433261395
0,7.336065664276248e-06
0,0.005915640853345394
1,0.9979217648506165
1,1.0
1,1.0
0,6.0466776631074026e-05
1,1.0
1,0.010938462801277637
1,0.9999992847442627
0,2.129564649067106e-07
1,1.0
1,0.8895958065986633
1,0.00224080728366971
1,0.11480097472667694
1,0.9999946355819702
1,1.0
1,0.5511147975921631
1,1.0
1,0.0003961652400903404
1,1.0
1,1.0
1,1.0
1,0.9974092841148376
0,0.011911744251847267
1,0.0042337640188634396
1,1.0
1,0.9057333469390869
0,5.2244195103412494e-05
0,3.4481481390883154e-14
1,0.9748938679695129
0,1.3977407009591047e-09
1,1.0
1,1.0
1,1.0
1,1.0
1,0.998505711555481
0,2.4896069135138532e-06
1,0.9999992847442627
1,0.9998786449432373
1,1.0
1,0.0656832754611969
1,0.00012968610099051148
1,0.999995231628418
1,0.9999302625656128
0,2.4308768331593456e-08
1,1.0
0,0.021913059055805206
0,6.182092704420938e-08
1,0.9999936819076538
0,0.15001969039440155
0,6.450943295169265e-13
0,0.04483620077371597
1,1.0
1,1.0
1,0.9999996423721313
1,0.9999996423721313
1,1.0
1,0.9721011519432068
0,1.4163660125632305e-05
1,1.0
0,0.00011784253001678735
1,0.819708526134491
0,0.029314551502466202
1,1.0
0,1.4234598211260163e-07
0,6.88379950588569e-05
0,2.0107233933419622e-10
1,1.0
1,1.0
1,1.0
0,1.3120098628860433e-05
1,0.9973869919776917
0,0.6149916648864746
1,1.0
1,0.9999783039093018
0,2.515207775388717e-08
1,1.0
1,0.9951069355010986
1,0.9999997615814209
0,0.0005895568174310029
0,0.021238936111330986
1,1.0
0,0.00014549474872183055
0,3.5098618889756183e-12
1,0.9868603348731995
1,0.08709128946065903
1,1.0
1,1.0
1,0.9991334080696106
1,1.0
1,1.0
1,0.08383949846029282
1,1.0
0,0.999984622001648
1,1.0
1,1.0
1,0.4260564148426056
0,5.628494648135529e-08
1,0.9965888261795044
1,0.12213535606861115
0,7.258080803040912e-10
1,1.0
0,3.4443837648723274e-06
1,0.9009678363800049
0,0.0014789170818403363
1,1.0
1,1.0
1,1.0
1,0.9998910427093506
1,0.9653684496879578
0,3.995610313722864e-06
1,0.9967656135559082
0,6.100122629248972e-09
0,0.00022665555297862738
1,1.0
0,0.06823103874921799
0,0.9999200105667114
1,1.0
0,0.49716120958328247
1,1.0
0,3.155979356961325e-05
1,1.0
1,1.0
1,1.0
0,0.9997223019599915
0,1.1940806871280074e-05
1,1.0
1,1.0
1,1.0
0,9.72430029833049e-07
1,1.0
0,0.5099562406539917
1,1.0
0,5.5967531807255e-05
1,0.9619283676147461
1,0.9844953417778015
0,0.0016663625137880445
0,0.8498874306678772
0,2.9262995667522773e-05
1,0.9996365308761597
1,0.9944677352905273
1,0.9453384280204773
0,2.069728907372337e-05
0,0.6848573684692383
1,0.9999626874923706
0,1.201421855512308e-05
1,1.0
0,0.0027254256419837475
1,0.999996542930603
1,1.0
0,8.395370509894917e-10
1,1.0
1,1.0
1,1.0
1,1.0
0,0.0001826953812269494
0,0.44816768169403076
1,0.9999998807907104
0,4.1269702932833496e-11
0,0.06591477245092392
1,1.0
0,0.0013055171584710479
1,9.536652214592323e-07
0,3.872656506587191e-08
1,0.40200042724609375
1,0.9948344230651855
1,1.0
1,0.8285871744155884
1,1.0
0,0.04826310649514198
1,1.0
1,1.0
1,1.0
0,0.012283198535442352
0,0.9999842643737793
1,0.9999899864196777
1,1.0
0,0.9998830556869507
1,0.9531410932540894
0,0.017680004239082336
1,0.11851619929075241
1,1.0
1,0.9685390591621399
0,0.01720833219587803
1,1.0
0,0.00010050236596725881
1,0.9924646615982056
1,0.9998327493667603
0,0.02365168370306492
0,0.9999837875366211
0,0.0006238132482394576
0,4.994122264179168e-06
1,1.0
1,0.983343243598938
1,0.9999269247055054
0,1.0834499519773999e-08
0,4.34513931395486e-05
0,1.0574523656714518e-07
0,0.8535260558128357
0,8.140074214679771e-07
0,8.203626930480823e-05
1,1.0
1,1.0
0,9.752355254022405e-05
0,1.0325555921354354e-13
1,1.0
0,9.149358248805584e-08
0,0.4918830990791321
0,6.3198458519764245e-06
1,1.0
0,0.000177430672920309
1,1.0
1,1.0
1,0.9860919117927551
1,0.9999481439590454
1,1.0
1,0.9992805123329163
1,0.9999997615814209
1,1.0
1,1.0
1,1.0
0,0.9999676942825317
1,0.9999970197677612
1,1.0
0,9.762596164364368e-06
1,1.0
1,1.0
0,0.09818381071090698
0,3.1413671308655466e-07
0,0.01032134611159563
1,0.13785332441329956
1,1.0
1,1.0
1,1.0
0,4.090626948283216e-09
1,0.8995465636253357
1,0.9989978671073914
0,5.752611720311052e-09
1,1.0
1,1.0
1,0.9990686774253845
0,8.896550752979238e-06
0,2.3050783504174888e-09
0,2.270878390929834e-13
1,1.0
0,0.9994682669639587
1,1.0
0,0.9998788833618164
0,0.653034508228302
0,0.7909055352210999
0,0.012106543406844139
0,0.0035411990247666836
1,1.0
1,1.0
1,5.66275957680773e-06
1,0.5161995887756348
1,0.9467033743858337
1,1.0
1,1.0
1,1.0
1,0.9978814721107483
1,1.0
1,1.0
0,0.9989468455314636
1,1.0
1,0.9999936819076538
0,0.008040908724069595
1,0.94721519947052
1,1.0
0,0.004973743110895157
0,0.0001831572299124673
0,2.2071997136663413e-06
1,0.18539351224899292
1,0.9999319314956665
1,1.0
0,1.83932866093528e-06
0,1.891225736017077e-07
1,1.0
1,0.0024905174504965544
0,1.06152482637345e-10
0,0.057368580251932144
0,4.118529886909528e-06
0,6.705725215285906e-15
0,2.076179407595191e-05
1,1.0
1,0.4523066282272339
1,1.0
1,0.00329061527736485
1,0.002851552329957485
0,1.650500598771032e-05
0,1.819971373606677e-07
0,0.0001589601015439257
0,5.917531780141871e-07
1,0.9999998807907104
1,1.0
1,1.0
0,0.0007208624156191945
1,1.0
1,0.9917007088661194
1,1.0
1,1.0
1,0.9995829463005066
1,0.9941834807395935
1,0.9999885559082031
1,1.0
1,1.0
0,0.00036963753518648446
0,3.7386737261613234e-08
1,0.5868080258369446
0,2.1487196380899978e-14
1,1.0
0,0.0007650254410691559
1,0.9999790191650391
1,0.9999998807907104
1,1.0
0,7.301548612304032e-05
1,0.9962594509124756
0,0.00037953286664560437
1,0.9999943971633911
0,1.899818380479701e-05
0,0.29515939950942993
1,0.9999977350234985
0,3.7391911789086407e-10
1,0.4033684730529785
1,0.0008984322776086628
1,0.9957348704338074
1,1.0
0,3.5353196065068815e-12
0,0.0002964089217130095
1,1.0
0,7.969380249051028e-07
1,1.0
1,1.0
0,1.581110886661463e-08
1,1.0
0,4.295911182339296e-09
1,1.0
1,1.0
0,6.717598444083706e-05
0,1.7358176007675752e-09
1,0.9999998807907104
0,0.009213178418576717
0,1.7758850390237058e-07
0,2.45417375310808e-09
1,0.9999750852584839
0,0.06724022328853607
1,1.0
1,1.0
0,2.966940519399941e-05
1,0.9991796612739563
0,0.00015039120626170188
1,1.0
1,1.0
1,1.0
1,1.0
0,0.0006551094702444971
0,0.00018452046788297594
0,0.011001008562743664
1,0.9999940395355225
1,0.9999990463256836
1,0.9999914169311523
1,0.9999997615814209
1,1.0
0,1.6120671464392444e-09
1,1.0
0,7.533878942922456e-06
1,1.0
0,0.0014818247873336077
0,5.8208438069584645e-09
1,0.9999998807907104
1,1.0
0,3.0180922205857996e-09
0,7.097695197444409e-05
1,1.0
0,0.9999994039535522
1,0.044290170073509216
0,1.1752508299878173e-08
1,0.04962807521224022
1,1.0
0,0.014349035918712616
1,1.0
1,1.0
0,1.4641324241893017e-07
1,0.9999991655349731
1,0.9999995231628418
1,0.004377847071737051
1,1.0
1,0.9984342455863953
1,1.0
0,0.7118774652481079
1,0.9999217987060547
1,0.9999995231628418
1,0.9999991655349731
1,1.0
0,9.219284002881523e-09
1,0.9999997615814209
0,0.00023760356998536736
1,1.0
1,0.9999994039535522
0,1.0415904228011641e-07
1,0.9816702604293823
0,5.552137860576067e-09
0,0.0013730890350416303
1,0.1212414801120758
1,0.579518735408783
1,0.9699410796165466
1,1.0
1,1.0
1,0.6411874294281006
1,0.002205032156780362
1,0.9999998807907104
1,0.9999992847442627
0,5.4905449360376224e-05
1,0.36161211133003235
0,2.0319654140621424e-05
1,1.0
1,0.7813227772712708
1,1.0
1,9.580486221238971e-05
1,0.7209161520004272
1,0.6491213440895081
1,1.0
0,7.900341520577798e-15
1,1.0
1,1.0
0,0.6697801351547241
1,1.0
0,0.999998927116394
0,0.018980132415890694
0,2.475782275723759e-05
0,6.567010824021224e-12
1,1.0
1,1.0
0,3.532354142521399e-08
0,0.653128445148468
1,1.0
0,3.973979801230598e-06
0,0.01051764190196991
1,0.9999004602432251
1,1.0
1,1.0
0,1.3244568435766269e-05
0,0.2026316076517105
1,0.9998325109481812
0,3.024196004730584e-08
0,0.9994450211524963
0,2.0706092396238773e-10
1,1.0
1,1.0
1,1.0
1,1.0
1,0.9999998807907104
1,0.989992082118988
0,1.872785674095212e-06
1,0.9980199337005615
1,0.9999998807907104
0,0.9999661445617676
1,0.9677900671958923
1,1.0
1,1.0
1,0.9646120667457581
0,0.031054234132170677
1,1.0
1,1.0
1,1.0
1,0.9997857213020325
0,2.9331951736821793e-05
0,5.00439425142607e-13
1,0.9999990463256836
0,0.9205055236816406
1,1.0
0,3.294207268078608e-11
1,0.9995348453521729
1,1.0
1,1.2312139006098732e-05
0,1.847501698648557e-05
1,1.0
1,0.9995998740196228
0,0.0003185065579600632
1,0.0058494252152740955
0,6.917589279176184e-10
0,0.02547687664628029
0,0.00011340068158460781
0,2.4743442850194697e-07
0,5.937146596579623e-08
0,0.0008721323101781309
0,0.9999841451644897
1,1.0
1,0.9883004426956177
1,1.0
0,0.0009546944638714194
1,1.0
1,0.9992116689682007
0,2.630555929333811e-12
1,0.9950156807899475
1,0.9864620566368103
1,0.7239039540290833
1,1.0
0,0.07120487093925476
0,0.00015125394565984607
0,0.9999939203262329
1,1.0
0,4.8113517550518736e-05
1,0.9999985694885254
1,1.0
1,1.0
1,1.0
1,1.0
0,0.013099153526127338
1,1.0
1,1.0
1,0.7624076008796692
1,1.0
0,6.023497462592786e-06
1,0.9999994039535522
0,0.23346669971942902
1,1.0
0,1.0477944670128636e-05
1,0.9958301186561584
1,1.0
1,0.9999979734420776
1,0.42147132754325867
1,1.0
1,1.0
1,0.9995792508125305
1,1.0
1,1.0
1,1.0
1,1.0
0,0.9986938834190369
0,2.9984992579557e-05
0,1.892171894724015e-05
1,3.44451837008819e-06
1,0.6956900358200073
0,0.9999916553497314
1,1.0
1,1.0
1,1.0
0,0.03359305113554001
0,0.8503835201263428
0,7.581801497735796e-08
0,2.3046651254077233e-09
1,1.0
1,1.0
1,0.999997615814209
0,3.219566337975266e-07
0,0.00011190175428055227
1,0.9999996423721313
1,1.0
1,1.0
1,0.9999994039535522
1,0.9999998807907104
1,0.00839459989219904
0,0.6703743934631348
1,1.0
1,0.8472298383712769
1,1.0
1,1.0
1,0.999995231628418
0,2.1053470845799893e-05
1,1.0
0,0.9999978542327881
1,1.0
0,1.2392806070238294e-07
0,7.820510177225515e-07
0,0.01681903935968876
1,1.0
1,1.0
1,1.0
1,1.0
1,1.0
1,0.4534588158130646
0,3.645975812105462e-05
0,3.8576850047711275e-11
1,1.0
1,1.0
0,0.9999322891235352
1,0.994945228099823
1,1.0
1,1.0
1,0.979286789894104
1,1.0
0,1.7492015613740364e-09
1,1.0
0,2.81694553905254e-07
1,1.0
1,0.938500165939331
1,0.24090199172496796
0,0.999729573726654
1,1.0
0,2.852083014204254e-08
1,1.0
1,1.0
1,0.9999996423721313
1,1.0
0,0.9999845027923584
1,1.0
1,1.0
1,1.0
0,1.425141341743208e-11
0,9.209534823639842e-08
0,0.015735389664769173
1,1.0
1,1.0
1,0.9999990463256836
0,2.4064323952188715e-05
1,1.0
0,0.0885552242398262
0,7.237806130433455e-05
1,0.3709331154823303
1,0.042578358203172684
1,1.0
0,3.6185094813845353e-06
1,1.0
0,8.885779612111122e-11
0,0.000493237457703799
1,0.9999969005584717
0,4.062520019942895e-06
1,1.0
1,0.9999998807907104
1,1.0
1,0.9990793466567993
1,1.0
1,1.0
0,0.0019519783090800047
1,1.0
0,6.727065056111314e-07
1,1.0
1,1.0
1,0.9999991655349731
1,1.0
0,1.0400613703609451e-08
0,0.4168824255466461
1,1.0
1,1.0
1,0.9999980926513672
0,0.8467843532562256
0,0.6727902889251709
0,8.818068053528805e-09
1,0.9999998807907104
1,1.0
1,0.9908658862113953
1,0.9999998807907104
0,9.949400919140317e-06
0,8.596814950578846e-06
0,0.0005638333386741579
0,0.999998927116394
0,1.1599485333135817e-05
1,0.9999997615814209
0,2.7711821530829184e-05
0,1.6749270156588003e-12
0,2.3188384147942998e-05
1,1.0
1,0.9999321699142456
1,1.0
0,2.3741777113173157e-05
0,2.8700764232780784e-05
1,1.0
0,3.255946207092464e-11
1,1.0
1,1.0
0,0.017655327916145325
1,1.0
1,0.9973564147949219
0,0.9999885559082031
0,0.19202843308448792
1,1.0
0,0.04205384850502014
1,1.0
0,0.049301888793706894
0,2.803488996505621e-07
1,0.997269332408905
1,0.9984909296035767
1,0.9999445676803589
1,0.19969423115253448
1,0.9999963045120239
1,1.0
1,0.9813288450241089
1,1.0
0,3.989045580965467e-05
1,0.9999992847442627
0,0.0002901387051679194
0,2.914600137437053e-15
1,1.0
0,0.03329358249902725
1,1.0
1,1.0
1,1.0
1,1.0
0,0.9999865293502808
1,0.9999992847442627
0,0.7073940634727478
1,0.6629483103752136
1,0.01910017803311348
1,1.0
1,1.0
1,1.0
1,0.9620648622512817
0,4.627840333171207e-09
0,6.912151803212989e-15
0,5.336740827033282e-09
1,1.0
1,1.0
0,7.666776420537161e-14
0,2.5568918093910042e-09
1,1.0
1,1.0
0,8.33426927471237e-09
0,3.4664819395402446e-05
1,0.9998675584793091
0,0.4128780961036682
1,0.9994679093360901
1,0.9854075312614441
1,0.9999994039535522
0,0.0036893722135573626
0,3.179914642714721e-08
1,1.0
1,0.9940324425697327
0,0.003917719703167677
1,1.0
1,1.0
0,2.7120725007989677e-06
1,1.0
0,5.394030274524786e-12
0,5.544686700886814e-06
1,1.0
1,1.0
1,1.0
0,4.3354389163141605e-06
0,9.50392475829176e-08
1,1.0
1,1.0
1,1.0
0,0.01105460524559021
1,1.0
1,4.678422556025907e-06
1,0.8798428177833557
0,0.0006766316946595907
0,0.05137608200311661
1,1.0
1,1.0
1,0.5064576864242554
1,1.0
1,1.0
0,1.856415337897488e-06
1,1.0
1,0.9999988079071045
1,0.35914406180381775
0,0.02144448645412922
1,1.0
0,1.8266364115726574e-11
0,1.1265150054104445e-12
1,1.0
0,0.9999948740005493
0,1.7839464350188905e-09
1,0.9771690964698792
1,1.0
0,2.451134228920182e-08
1,0.9999266862869263
1,0.9995174407958984
0,3.8088661113988564e-08
1,1.0
1,1.0
1,0.998984158039093
1,0.8729699850082397
1,1.0
1,0.9999995231628418
1,0.2734447121620178
1,1.0
0,3.2875416309252614e-06
0,1.6622167322566384e-06
1,1.0
1,1.0
1,1.0
1,0.002415531547740102
1,1.0
1,1.0
1,0.9999014139175415
1,1.0
1,1.0
1,0.21341052651405334
1,1.0
1,0.0613747164607048
1,0.9999940395355225
1,1.0
0,0.9937891364097595
1,0.002108887769281864
1,0.9997448325157166
0,3.6428478779271245e-05
1,1.0
1,1.0
1,1.0
0,2.1665609306609213e-09
0,8.6971192558849e-07
1,0.6946542263031006
1,0.44819340109825134
0,4.4148617917016963e-07
1,1.0
1,1.0
0,0.9998736381530762
0,0.0016155790071934462
1,1.0
1,1.0
1,0.03507816046476364
0,0.9976761937141418
0,0.0037979937624186277
0,3.76896025500173e-08
1,1.0
1,0.9993195533752441
1,1.0
0,1.5567873106192565e-06
0,8.515447007084731e-06
1,1.0
1,0.8410890102386475
0,0.007579356897622347
1,0.9999294281005859
1,1.0
0,9.210361167788506e-05
1,0.9995037317276001
1,0.12956225872039795
1,1.0
1,0.006073787808418274
1,0.9999747276306152
1,0.28481557965278625
0,9.6482839495593e-09
1,1.0
1,0.0003913985565304756
1,0.9526845812797546
1,1.0
1,0.9998001456260681
1,1.0
0,4.9897302233148366e-05
0,2.5340487486147367e-09
0,1.3120776166941628e-12
1,1.0
1,0.9999946355819702
0,1.7053835108526982e-05
0,5.071856823413157e-11
0,0.7840978503227234
1,1.0
0,0.0009475138504058123
0,1.059869464370422e-05
1,1.0
1,1.0
1,1.0
1,0.9999953508377075
1,1.0
1,1.0
0,1.9847277599183144e-08
0,0.0699642077088356
1,1.0
1,1.0
0,3.6117005492997123e-06
1,1.0
1,1.0
1,1.0
1,1.0
1,1.0
0,1.814742063288577e-06
0,1.0286193771746888e-11
0,0.8313530087471008
1,0.9999964237213135
0,5.572329442316004e-08
1,0.9998736381530762
0,0.9999991655349731
1,1.0
1,1.0
1,1.0
0,2.208175997739023e-13
1,1.0
0,5.277781383483671e-06
1,1.0
0,0.1462615430355072
1,0.9999995231628418
1,1.0
1,0.9980688691139221
1,1.0
1,1.0
1,1.0
0,0.30057623982429504
1,0.35429415106773376
0,6.974344604442073e-14
1,0.9999923706054688
1,1.0
0,6.323118577711284e-05
1,1.0
1,0.8226368427276611
1,1.0
0,4.899620762444101e-06
1,1.0
0,0.9991071820259094
1,1.0
0,3.684657023939053e-09
0,4.306766748785051e-12
1,1.0
1,0.9993579983711243
0,6.139481811828773e-09
0,1.6510988643858582e-05
0,8.506238486916118e-07
1,1.0
1,0.9998390674591064
0,0.003935510292649269
1,1.0
1,1.0
1,1.0
0,0.9980027079582214
1,1.0
0,0.16558729112148285
0,3.558661410352215e-05
0,1.8269674910698086e-05
1,1.0
0,8.077745587797835e-05
1,0.9999992847442627
1,1.0
1,0.9995883107185364
0,1.1264811999867064e-11
0,6.784871686704719e-08
1,1.0
1,1.0
1,0.00841617677360773
0,0.004602547734975815
0,0.00010505453974474221
1,0.999982476234436
1,1.0
0,9.731480759000988e-07
1,1.0
0,1.2142375105383962e-08
1,0.9994615912437439
1,0.9999997615814209
1,0.9999947547912598
1,1.0
0,0.00034159727510996163
1,0.9998898506164551
1,0.9998899698257446
0,7.361225289059803e-05
1,1.0
0,2.0361730151356033e-13
0,1.6422718829289806e-07
1,1.0
1,3.195300087099895e-05
1,1.0
0,3.35815961705066e-08
1,1.0
1,1.0
1,0.9991838335990906
1,1.0
1,0.7047719359397888
1,0.9999755620956421
1,0.9999998807907104
1,1.0
0,0.00016560555377509445
1,1.0
1,1.0
0,1.1350342324009666e-12
0,3.921273972196104e-08
1,1.0
1,1.0
1,0.9999816417694092
1,0.23725180327892303
1,1.0
0,3.9235350413946435e-05
0,2.3872505607869243e-06
0,6.262716397031909e-06
1,1.0
1,1.0
0,0.09964846819639206
0,3.1719116577733075e-06
1,0.9999867677688599
1,0.27032536268234253
1,0.9933151602745056
1,1.0
1,0.02258921042084694
1,0.999022364616394
0,3.79715139331438e-08
0,6.956641300348565e-06
1,0.9868849515914917
0,0.9991310238838196
1,0.7186748385429382
0,2.8744614155584713e-07
1,0.9925671815872192
0,4.642031470325492e-08
0,1.10625296656508e-05
0,2.0497365767369047e-05
0,3.400793188723661e-11
1,1.0
1,1.0
0,0.029114093631505966
1,0.9999997615814209
1,1.0
1,0.9996393918991089
1,0.9999982118606567
1,0.9882013201713562
1,0.00011679142335196957
1,1.0
0,1.0592766898007144e-12
1,1.0
0,5.258353667159099e-06
1,0.9999995231628418
1,1.0
1,1.0
0,1.380881258228328e-06
0,2.8930469852639362e-05
0,9.996740414630612e-12
1,1.0
1,1.0
0,0.00013770505029242486
0,6.122107834016788e-07
0,2.317998223588802e-05
1,1.0
1,1.0
0,1.3643267848806317e-08
1,1.0
1,1.0
1,0.9999409914016724
0,0.8615553975105286
0,2.679611839084828e-07
0,4.749866732572938e-12
1,1.0
1,0.9999986886978149
0,4.97326979598256e-09
0,0.9992848038673401
1,1.0
0,5.25458381162025e-06
0,0.004006598144769669
1,0.14466114342212677
1,0.9409948587417603
0,0.9964377880096436
1,0.9999959468841553
0,0.9992567896842957
1,0.9999922513961792
0,0.002106902888044715
0,0.00040313537465408444
1,1.0
0,0.012606233358383179
1,1.0
1,1.0
1,1.0
1,0.9998893737792969
1,0.039159201085567474
0,9.173582032895311e-11
1,0.32345765829086304
1,0.9976956248283386
1,1.0
1,1.0
1,1.0
1,0.27462658286094666
0,7.48985621612519e-05
0,0.2983202040195465
0,3.177611347382481e-07
1,0.7934219837188721
1,1.0
0,0.8719524145126343
1,0.9997584223747253
1,1.0
0,4.802375315193785e-07
1,0.9951038360595703
1,0.9999959468841553
0,0.9976562261581421
1,0.8443218469619751
0,0.0503961518406868
1,0.9999980926513672
1,0.0014152983203530312
1,0.9999977350234985
1,0.5717241764068604
0,0.9998438358306885
1,1.0
0,0.9565125107765198
1,0.9999990463256836
0,2.1541742967201571e-07
0,0.9998767375946045
1,1.0
1,0.9999896287918091
0,9.022806625580415e-05
1,0.4311145544052124
0,7.392049883492291e-05
0,0.9999998807907104
0,0.9999998807907104
0,3.3482570015175295e-13
1,0.9999815225601196
1,1.0
0,3.918227776011918e-06
0,1.0981816567223746e-09
1,1.0
0,5.3160765673965216e-06
0,0.49434536695480347
1,0.999835729598999
1,0.9999985694885254
0,0.14024245738983154
1,0.26952409744262695
0,0.01712966524064541
0,2.5570932038476712e-08
1,1.0
1,0.999913215637207
0,3.4902228662758716e-07
1,0.9798163771629333
1,1.0
0,7.627933200637926e-07
0,1.5050506618763393e-08
0,4.818946308660088e-07
1,1.0
1,1.0
1,1.0
1,1.0
1,1.0
0,0.9865105748176575
0,0.05614010617136955
1,0.9999954700469971
1,0.000810011406429112
1,1.0
0,7.401819601682291e-08
1,0.9972642660140991
1,1.0
1,1.0
0,0.9997172951698303
1,1.0
0,0.00028359986026771367
0,1.0068658411910292e-05
0,0.00037539793993346393
1,0.9993736147880554
0,2.2855576389702037e-05
1,1.0
1,0.9997900128364563
1,1.0
1,1.0
0,4.612541670212522e-05
1,1.0
1,1.0
1,1.0
0,0.006880241446197033
1,0.05202975869178772
0,0.00010638433013809845
1,0.9999915361404419
0,0.021891780197620392
1,1.0
1,1.0
1,1.0
1,1.0
1,0.9825881719589233
0,3.7652177281241334e-15
1,1.0
1,1.0
1,1.0
1,1.0
0,7.859969628043473e-05
0,0.9227558970451355
1,1.0
1,1.0
1,0.10007589310407639
1,0.9999234676361084
1,1.0
1,1.0
1,0.8713471293449402
0,1.0845415090443566e-06
0,2.1758426171913925e-08
1,0.9999645948410034
0,1.6875041808361857e-07
1,0.00256115454249084
0,0.9999529123306274
0,0.9999974966049194
1,0.9999996423721313
0,0.29441770911216736
0,0.0001010483902064152
1,1.0
1,1.0
0,3.4108566665524975e-14
1,1.0
1,1.0
1,1.0
1,1.0
1,1.0
1,1.0
0,2.2158429605068086e-12
1,1.0
1,0.9999997615814209
1,1.0
1,1.0
1,1.0
0,1.456824142081288e-15
1,1.0
1,0.9845046997070312
1,1.0
0,1.6803587687963528e-10
0,0.012009183876216412
0,5.745114961541731e-08
1,1.0
1,1.0
1,0.5320336222648621
0,3.232476956327446e-05
1,1.0
1,1.0
1,0.9999984502792358
1,0.9994373917579651
1,0.690372109413147
1,0.0009631692664697766
1,0.0006219284841790795
0,5.313699602993438e-06
0,2.40700610447675e-05
1,1.0
0,0.04909997060894966
1,1.0
1,0.999984860420227
1,1.0
1,1.0
1,0.9999997615814209
1,0.9999949932098389
1,1.0
1,1.0
1,1.0
0,0.014526094309985638
1,1.0
0,7.16869719141755e-09
1,1.0
0,6.732187557645375e-06
1,0.9999992847442627
