label,prediction
0,0.2524511218070984
1,0.7670536637306213
0,0.25714364647865295
0,0.09383270889520645
0,0.22232197225093842
1,0.934883713722229
0,0.21763502061367035
0,0.25137773156166077
1,0.8112896680831909
1,0.9999996423721313
1,0.9600866436958313
1,0.9229792952537537
1,0.9973255395889282
1,1.0
0,0.2845017910003662
0,0.20214733481407166
0,0.32456573843955994
0,0.19557063281536102
0,0.1329648643732071
1,0.9996135830879211
0,0.26847589015960693
1,0.709448516368866
1,0.9999697208404541
1,0.8938577175140381
0,0.11898496747016907
1,0.9063671827316284
1,0.9989989399909973
1,0.9999970197677612
0,0.10324244201183319
1,0.8039135336875916
1,0.7099639773368835
1,0.9999926090240479
0,0.19810043275356293
0,0.8316649198532104
1,0.6485719680786133
1,1.0
1,0.9525750279426575
0,0.9902788996696472
0,0.11618892848491669
0,0.16805677115917206
1,1.0
1,1.0
1,0.6202295422554016
1,1.0
1,0.6693023443222046
0,0.9698601961135864
1,0.8391196131706238
1,0.6889804005622864
1,0.966210663318634
1,1.0
0,0.9846360683441162
0,0.2237355262041092
1,1.0
0,0.10962874442338943
1,0.9999971389770508
1,0.8999233841896057
0,0.3195245563983917
0,0.09914244711399078
0,0.2507275938987732
0,0.2756226658821106
1,1.0
0,0.23143087327480316
1,0.6347527503967285
1,0.9693254232406616
0,0.9391570687294006
1,0.9848001003265381
0,0.1876906305551529
0,0.2565458118915558
0,0.12989673018455505
1,0.804318368434906
1,0.856494665145874
1,1.0
1,0.963326632976532
1,1.0
1,0.8737990260124207
0,0.20078904926776886
1,0.3009724020957947
1,0.9865142703056335
1,1.0
0,0.173760786652565
0,0.12552686035633087
0,0.14640666544437408
1,0.9374678730964661
0,0.24683836102485657
1,0.710128903388977
1,0.8690581321716309
0,0.17891669273376465
0,0.20729616284370422
1,0.6410868763923645
1,1.0
1,0.9999994039535522
0,0.1409115493297577
0,0.28651976585388184
0,0.1486043781042099
0,0.28988003730773926
0,0.09870993345975876
0,0.9867030382156372
0,0.2462495118379593
1,0.9606105089187622
1,0.9596627354621887
0,0.1045541763305664
0,0.26348400115966797
0,0.09667657315731049
1,0.9000884294509888
0,0.2306901514530182
1,0.691572904586792
0,0.12203922122716904
1,0.9999998807907104
1,0.7622976303100586
1,0.8622121810913086
1,0.9999998807907104
1,0.9999991655349731
1,0.9988677501678467
1,0.9689101576805115
0,0.1747606247663498
0,0.9561129212379456
1,0.998268723487854
1,0.8489060997962952
1,0.7861492037773132
1,0.5931806564331055
1,1.0
1,0.8783351182937622
0,0.21818457543849945
0,0.0954751968383789
1,0.9475756883621216
1,1.0
0,0.2384289652109146
0,0.9770724773406982
0,0.0954875648021698
0,0.30024823546409607
1,0.731865644454956
0,0.13738353550434113
1,0.9999978542327881
0,0.10860776156187057
0,0.2024022787809372
1,0.9999223947525024
1,0.9999990463256836
1,1.0
0,0.3015250861644745
0,0.9525015950202942
1,0.8532995581626892
1,0.999987006187439
1,0.8426980376243591
1,1.0
1,0.9999998807907104
0,0.10137904435396194
1,0.8499384522438049
0,0.8995498418807983
1,0.9994268417358398
1,1.0
1,0.9999969005584717
1,0.9999998807907104
0,0.12858404219150543
0,0.10346255451440811
1,0.7671945691108704
1,0.8663444519042969
0,0.11613316833972931
0,0.13419274985790253
1,0.9992109537124634
1,0.6583557724952698
0,0.14837269484996796
1,0.7325242757797241
1,0.9521203637123108
1,0.9738612174987793
1,1.0
1,0.4883131682872772
1,0.8640897274017334
1,0.8331208229064941
1,0.6023068428039551
0,0.2588989734649658
1,1.0
1,0.4777492582798004
1,1.0
1,0.8832482695579529
1,1.0
0,0.27742475271224976
0,0.10056301951408386
1,0.8425384759902954
1,0.9999992847442627
1,1.0
1,0.8281247615814209
0,0.10899794101715088
0,0.22447766363620758
1,0.979454517364502
1,1.0
0,0.17720665037631989
0,0.20340180397033691
1,0.9999392032623291
0,0.16088376939296722
0,0.1518305093050003
0,0.3037879467010498
0,0.28488466143608093
1,1.0
1,0.7387885451316833
1,0.9134387969970703
1,1.0
1,0.8646654486656189
0,0.15595927834510803
1,0.8576484322547913
1,0.9993558526039124
1,0.5555101633071899
0,0.2625451982021332
0,0.1824113428592682
1,0.999630331993103
0,0.964921772480011
0,0.9761749505996704
1,0.9933383464813232
1,0.7880240082740784
1,0.9999984502792358
1,0.6338236927986145
1,1.0
1,0.9604215621948242
0,0.11569885909557343
1,1.0
1,0.5185102820396423
0,0.13718834519386292
1,0.5852890014648438
1,0.8348407745361328
1,0.9997771382331848
1,0.9879018068313599
0,0.12203390896320343
1,0.49613311886787415
1,0.7780115604400635
0,0.11585918068885803
0,0.1431823968887329
1,0.5550312399864197
1,0.5736129283905029
1,0.9999995231628418
1,0.5175148248672485
1,0.8669561743736267
1,0.9999998807907104
1,1.0
1,0.5186067819595337
1,0.999998927116394
1,0.9999996423721313
1,1.0
0,0.12711797654628754
0,0.31094470620155334
1,0.9999998807907104
1,0.9844114184379578
1,0.996758759021759
1,0.9985342025756836
1,0.678705632686615
1,0.35315167903900146
0,0.13530787825584412
1,1.0
1,0.9991055130958557
0,0.22244496643543243
0,0.2817031145095825
1,0.9913008809089661
0,0.9626120924949646
1,0.9094922542572021
0,0.26585012674331665
0,0.19505301117897034
1,0.9984513521194458
1,0.7777688503265381
1,0.5532694458961487
1,0.7598820328712463
0,0.9886051416397095
1,0.9999403953552246
0,0.12592148780822754
1,0.8962081670761108
1,0.9999998807907104
1,0.8644198179244995
1,0.8910698294639587
0,0.2963827848434448
0,0.19647341966629028
0,0.10653985291719437
0,0.1463959962129593
1,0.932072639465332
1,0.9999998807907104
1,1.0
0,0.16999250650405884
0,0.11271488666534424
0,0.23817501962184906
1,0.9895508885383606
0,0.9918355941772461
1,0.9999973773956299
1,0.9995869994163513
1,0.7912137508392334
0,0.1482292115688324
0,0.319601446390152
1,1.0
0,0.10300066322088242
0,0.9742865562438965
0,0.10927768796682358
1,0.9340165257453918
0,0.14669248461723328
0,0.12879100441932678
0,0.15291652083396912
0,0.27199745178222656
0,0.9854325652122498
1,0.8858611583709717
1,0.9993738532066345
1,1.0
1,0.9999996423721313
1,0.9817270040512085
1,0.9361101984977722
0,0.15087707340717316
1,1.0
1,0.9999997615814209
0,0.24973152577877045
0,0.12607307732105255
0,0.10159651190042496
1,1.0
1,0.9996846914291382
0,0.36649778485298157
0,0.13620027899742126
1,0.9480862021446228
1,0.9529615640640259
0,0.420562207698822
1,0.6608030796051025
0,0.1006241887807846
1,1.0
1,0.2961011230945587
0,0.10328083485364914
1,0.9561746120452881
1,0.9996168613433838
1,0.8533644080162048
1,0.9999998807907104
0,0.10021629929542542
1,0.7781680226325989
1,0.9983872175216675
0,0.118231400847435
1,0.628037691116333
1,0.8950390815734863
1,0.8053934574127197
1,0.9476591944694519
1,1.0
1,0.9740839004516602
1,0.6543810367584229
0,0.28855660557746887
1,0.9999998807907104
0,0.13115014135837555
1,0.9916894435882568
1,0.9985679388046265
0,0.14207057654857635
0,0.11614030599594116
0,0.17189103364944458
1,0.9999996423721313
1,0.9999998807907104
0,0.2030128538608551
1,0.9997865557670593
0,0.1768537312746048
0,0.11948538571596146
1,0.9394844770431519
0,0.16110603511333466
0,0.13362112641334534
0,0.1989639848470688
1,0.33682918548583984
1,0.656895101070404
1,1.0
1,0.45786771178245544
1,0.8697193264961243
0,0.1359110027551651
1,0.9998884201049805
1,0.7169356942176819
1,0.6336411833763123
1,0.9197613596916199
1,0.9955747127532959
0,0.12683910131454468
1,0.9995866417884827
0,0.15594105422496796
0,0.1496647447347641
1,1.0
0,0.8719673156738281
1,0.9998595714569092
1,0.5014957785606384
0,0.20311585068702698
0,0.24922634661197662
0,0.9187928438186646
0,0.1292710155248642
1,1.0
1,1.0
1,0.4377667009830475
1,0.9999887943267822
0,0.0910734161734581
1,1.0
0,0.31520214676856995
1,0.5803319811820984
1,0.9127158522605896
1,0.9791067838668823
1,0.4529164135456085
0,0.21251146495342255
1,1.0
1,0.974583089351654
1,0.8888580203056335
1,0.9999966621398926
1,0.9999997615814209
0,0.1093224585056305
1,1.0
0,0.21627768874168396
0,0.9887523055076599
0,0.1849788874387741
0,0.13248565793037415
1,1.0
1,0.999942421913147
0,0.10978630185127258
1,0.8581539988517761
0,0.13644175231456757
0,0.21499814093112946
1,0.6794266700744629
0,0.1780412644147873
1,0.8085326552391052
0,0.9923104047775269
0,0.12829621136188507
0,0.12426800280809402
1,0.9560049772262573
1,0.9999998807907104
1,1.0
1,1.0
0,0.10163767635822296
1,0.4398757219314575
1,0.9301683306694031
0,0.11049487441778183
1,1.0
1,0.7708258628845215
1,0.9994528889656067
1,0.9999979734420776
1,0.5039029717445374
0,0.12076856940984726
0,0.9569466710090637
1,0.9999996423721313
0,0.24591481685638428
1,0.9999898672103882
0,0.10440001636743546
1,1.0
1,1.0
0,0.24297216534614563
0,0.2018537074327469
1,1.0
0,0.9920980930328369
1,0.9194071888923645
0,0.15159733593463898
1,0.9836101531982422
1,0.5783205628395081
0,0.21187269687652588
0,0.09939892590045929
0,0.10566993057727814
1,0.8260894417762756
1,0.8735328316688538
0,0.08947926759719849
1,1.0
0,0.15405288338661194
0,0.11509400606155396
0,0.184446319937706
0,0.9893537759780884
0,0.12120480835437775
1,0.9728977084159851
1,0.9443968534469604
1,0.8983885645866394
1,0.6743958592414856
0,0.14563380181789398
0,0.2570820748806
1,1.0
1,1.0
0,0.9768421053886414
1,0.6968297958374023
0,0.975625216960907
1,1.0
0,0.279901385307312
1,0.7238100171089172
1,0.8452926278114319
1,1.0
1,0.862662672996521
1,0.9387859106063843
1,1.0
1,0.9936270713806152
1,0.8564831018447876
0,0.24760669469833374
1,0.8429831266403198
0,0.9906706809997559
1,0.6940847635269165
1,0.8468033671379089
0,0.10456156730651855
0,0.1882091760635376
1,0.9999418258666992
1,0.5753790140151978
0,0.12104042619466782
1,0.9999986886978149
0,0.14299072325229645
0,0.12395194917917252
1,0.42976999282836914
1,0.702312707901001
1,0.9998948574066162
1,1.0
0,0.17098042368888855
1,0.8003962635993958
1,0.8959606289863586
0,0.2175598442554474
1,0.8804278373718262
0,0.23489758372306824
0,0.12209366261959076
1,0.8547201156616211
0,0.10192544013261795
1,1.0
1,0.37871190905570984
1,0.7493739128112793
1,0.44283661246299744
0,0.24085083603858948
1,0.9441666603088379
0,0.9902623891830444
1,0.9999843835830688
0,0.1396365612745285
1,1.0
0,0.2519676685333252
0,0.15263737738132477
1,0.9940124154090881
0,0.30117067694664
1,0.9999997615814209
1,0.5225312113761902
1,0.9732266068458557
0,0.10549413412809372
1,0.7414510250091553
1,1.0
0,0.13832242786884308
1,0.614336371421814
1,1.0
0,0.09509623795747757
0,0.10900142043828964
1,0.7829569578170776
0,0.12231860309839249
1,1.0
1,0.5195587277412415
1,0.484749972820282
0,0.11005702614784241
1,0.5598917007446289
1,0.9999945163726807
1,0.37147000432014465
1,1.0
0,0.12109363079071045
1,0.39560866355895996
0,0.1269363909959793
1,0.9993705153465271
0,0.17665694653987885
1,0.999998927116394
1,0.8308115005493164
1,0.996565043926239
0,0.9772507548332214
0,0.9708487391471863
1,1.0
1,0.4892094135284424
0,0.19202595949172974
0,0.216573566198349
0,0.4605709910392761
1,0.9994891881942749
0,0.1957639455795288
1,0.8204014301300049
1,0.9999997615814209
1,1.0
1,0.9750432372093201
1,0.9979409575462341
0,0.12660470604896545
0,0.11231689155101776
1,1.0
1,1.0
1,0.976239800453186
0,0.12604981660842896
1,0.7607895135879517
0,0.1172603964805603
0,0.9597273468971252
1,1.0
1,0.9999998807907104
1,0.7980822324752808
1,1.0
1,0.7834668755531311
0,0.10192589461803436
1,1.0
1,0.2779861390590668
0,0.11845140159130096
1,0.9997155070304871
1,1.0
0,0.24842774868011475
0,0.32481637597084045
1,0.7304716110229492
0,0.21239976584911346
0,0.1856229454278946
1,1.0
1,0.9999984502792358
1,0.9631595015525818
0,0.11607031524181366
1,0.9999958276748657
0,0.18447281420230865
0,0.9815603494644165
1,1.0
1,0.9620611071586609
1,0.9333913922309875
0,0.4529472291469574
1,1.0
1,1.0
1,0.8499235510826111
0,0.12392706423997879
0,0.23664507269859314
0,0.10624922811985016
1,1.0
1,0.7476955056190491
0,0.11444167792797089
0,0.20019486546516418
0,0.11841406673192978
1,1.0
0,0.37956300377845764
1,0.8627013564109802
0,0.35648995637893677
1,0.9611350297927856
0,0.0910172238945961
1,0.8259047269821167
1,0.5660459995269775
1,0.9312518835067749
1,1.0
1,0.6779019832611084
1,1.0
1,1.0
0,0.9638796448707581
1,0.9986851811408997
1,0.8600640296936035
1,0.9999568462371826
1,0.44749853014945984
1,0.9958587288856506
1,1.0
1,0.9993307590484619
0,0.14829663932323456
1,0.9513056874275208
0,0.11926820129156113
1,0.9978031516075134
0,0.1658688634634018
0,0.13475200533866882
1,0.8676157593727112
1,1.0
1,0.8905931115150452
1,0.8960533738136292
0,0.1265678107738495
1,1.0
0,0.14995883405208588
0,0.09086868166923523
0,0.15592773258686066
1,1.0
0,0.12092896550893784
1,0.9084423184394836
1,0.9999998807907104
1,1.0
1,0.9837876558303833
1,0.7719325423240662
0,0.11796794086694717
0,0.20512335002422333
1,1.0
1,1.0
0,0.1211855486035347
1,1.0
1,0.999971866607666
0,0.12999901175498962
0,0.14159280061721802
0,0.10563313961029053
1,1.0
1,0.44517818093299866
1,0.3141214847564697
1,1.0
1,1.0
0,0.28050628304481506
0,0.10859229415655136
0,0.9752187132835388
1,0.8656038641929626
0,0.2249203324317932
1,0.48079338669776917
1,0.8252934813499451
0,0.11656548082828522
0,0.1794130802154541
1,0.9522585868835449
1,0.6518693566322327
0,0.19158115983009338
0,0.17810013890266418
1,0.8829348683357239
1,0.9999943971633911
1,1.0
1,1.0
0,0.22099091112613678
1,0.9996263980865479
1,0.9207344651222229
1,0.9999418258666992
1,0.7998661994934082
1,0.9099233746528625
1,0.9999332427978516
1,1.0
0,0.15498097240924835
0,0.09507939219474792
0,0.15714627504348755
1,0.8505526781082153
1,1.0
0,0.1139242872595787
1,0.9997702240943909
0,0.23494352400302887
1,1.0
0,0.13001209497451782
1,0.7495680451393127
1,1.0
1,0.9998741149902344
1,0.9928234815597534
1,0.9999998807907104
0,0.1616363525390625
1,0.9999990463256836
1,0.9999535083770752
1,1.0
0,0.2308235764503479
1,1.0
1,0.5667940974235535
1,0.49340689182281494
1,0.38850119709968567
1,0.9999994039535522
1,0.8612257242202759
0,0.2877025306224823
0,0.9929342269897461
0,0.2603503465652466
1,0.33328452706336975
1,0.4282227158546448
0,0.9680597186088562
1,0.9834421277046204
0,0.14164359867572784
1,0.9774398803710938
1,1.0
1,1.0
1,0.9330970644950867
0,0.19690196216106415
1,0.7985605001449585
1,0.926460325717926
0,0.2446550726890564
0,0.18462085723876953
1,0.599810004234314
0,0.23946402966976166
1,1.0
1,0.9019105434417725
1,0.9901663064956665
0,0.24190258979797363
1,0.9882144927978516
0,0.20594102144241333
0,0.9959036707878113
0,0.17979799211025238
1,0.9083814024925232
0,0.19785918295383453
1,0.9999998807907104
1,1.0
1,0.6824619770050049
0,0.9850618243217468
0,0.13845676183700562
1,0.9999940395355225
0,0.10881862789392471
0,0.11243113875389099
1,0.9999294281005859
1,0.7456766963005066
0,0.11164059489965439
0,0.13557147979736328
0,0.28462257981300354
1,0.6540030837059021
1,0.9996110796928406
1,0.48394355177879333
1,1.0
1,0.8842636942863464
1,0.9184483885765076
0,0.17346571385860443
0,0.09513136744499207
0,0.1397687941789627
1,0.9514870643615723
0,0.12204108387231827
0,0.09698859602212906
1,0.43394020199775696
1,0.9251146912574768
0,0.09942947328090668
1,0.9859781861305237
0,0.1477985680103302
1,0.886893630027771
1,0.6262444257736206
1,0.9863160252571106
1,0.8322875499725342
0,0.14485043287277222
0,0.17711690068244934
0,0.0946541428565979
1,0.9999078512191772
1,0.5798313617706299
0,0.22982044517993927
1,0.9997519850730896
0,0.19670768082141876
1,0.9847833514213562
1,0.9999985694885254
1,0.9982445240020752
0,0.0949614867568016
0,0.2256201058626175
1,0.9999997615814209
0,0.9450042247772217
0,0.09990424662828445
0,0.17154671251773834
1,0.8573206067085266
1,0.9998431205749512
0,0.22953401505947113
1,0.9999861717224121
1,0.9597646594047546
1,1.0
0,0.9728410243988037
0,0.27582916617393494
1,0.9903942942619324
1,0.7591828107833862
1,0.9999487400054932
1,1.0
1,1.0
1,1.0
0,0.16736197471618652
0,0.21270325779914856
0,0.23197272419929504
0,0.17384515702724457
0,0.23496469855308533
1,0.9999985694885254
1,0.8700982928276062
1,0.9999998807907104
0,0.10301422327756882
1,0.9994136095046997
1,0.9922326803207397
1,0.5124086737632751
0,0.1924939900636673
0,0.12179490923881531
0,0.1434585154056549
1,0.775708794593811
1,0.658358633518219
0,0.2890930771827698
1,0.9997712969779968
1,0.995553195476532
1,0.9132282733917236
0,0.13460773229599
1,1.0
0,0.1669526994228363
1,0.9353193640708923
1,0.9994818568229675
1,1.0
1,0.8657357692718506
0,0.3698602616786957
1,0.9297014474868774
0,0.1737690269947052
1,0.9995916485786438
0,0.9841936230659485
1,0.9999997615814209
0,0.12356649339199066
1,0.9898235201835632
0,0.13234321773052216
0,0.12060163915157318
0,0.18640901148319244
1,0.7370797991752625
1,0.7701586484909058
0,0.09591447561979294
1,0.9055271744728088
1,0.9999709129333496
1,0.9999998807907104
0,0.11003318428993225
1,0.2805761694908142
1,0.7278987765312195
0,0.9119798541069031
1,0.5737258195877075
1,1.0
0,0.10398023575544357
1,0.9997619986534119
0,0.23188331723213196
1,0.7893540263175964
1,0.9693858027458191
1,0.7838866114616394
1,1.0
1,0.6509825587272644
0,0.3929397463798523
1,0.776765763759613
1,1.0
1,0.8000770807266235
1,0.7306554317474365
0,0.10879270732402802
1,1.0
1,1.0
0,0.12468444555997849
1,0.9988357424736023
1,0.9997844099998474
0,0.14435341954231262
1,0.8673310279846191
0,0.30166906118392944
1,1.0
1,0.845791220664978
1,0.9553741216659546
1,0.9999992847442627
1,0.9222449064254761
1,0.9794425368309021
0,0.2346140444278717
1,0.8393970727920532
1,1.0
1,1.0
0,0.9790458679199219
1,0.9057198762893677
1,0.9999997615814209
1,0.769400417804718
1,0.9999856948852539
1,0.9999876022338867
1,1.0
0,0.11928082257509232
1,0.8036094307899475
1,0.6283762454986572
1,1.0
0,0.253740131855011
1,0.8059535622596741
1,0.9949190020561218
0,0.9923673272132874
1,0.9999855756759644
1,1.0
1,1.0
1,0.9972489476203918
1,0.9999997615814209
0,0.35080334544181824
1,0.8732653856277466
1,0.999923825263977
1,1.0
1,0.7802058458328247
1,0.951910674571991
0,0.15135660767555237
0,0.10882333666086197
1,1.0
0,0.4160287380218506
0,0.11114293336868286
0,0.9841707348823547
1,0.835707426071167
1,1.0
0,0.2183963656425476
1,0.9391149878501892
1,0.999847412109375
1,0.9919131994247437
1,0.9987146854400635
0,0.14650817215442657
1,1.0
1,0.9919414520263672
1,1.0
1,0.9999953508377075
1,0.9154326319694519
1,0.9958103895187378
1,1.0
1,1.0
1,1.0
1,0.9432886838912964
0,0.1222909614443779
1,1.0
1,0.8841195106506348
1,0.6565596461296082
1,0.9889244437217712
0,0.22356459498405457
1,1.0
1,1.0
0,0.09696312248706818
0,0.10754459351301193
1,0.9938138723373413
1,0.8838398456573486
1,1.0
0,0.09490818530321121
1,0.7585602402687073
1,1.0
1,0.9195180535316467
1,0.9999992847442627
1,0.9999850988388062
0,0.19463366270065308
1,0.36527010798454285
1,0.7318537831306458
1,0.954342782497406
0,0.11931661516427994
0,0.11925019323825836
1,0.9831735491752625
0,0.30162912607192993
1,1.0
1,1.0
1,0.9922913908958435
1,0.9990253448486328
0,0.2792383134365082
1,0.6522650718688965
0,0.9873759746551514
0,0.23800542950630188
0,0.09447707235813141
0,0.10153921693563461
1,1.0
1,0.7898950576782227
1,0.9999901056289673
1,0.9877011179924011
1,1.0
1,1.0
0,0.10016012191772461
1,1.0
1,0.9999967813491821
0,0.18212246894836426
0,0.1369199901819229
1,1.0
0,0.30105727910995483
1,0.2491050362586975
1,0.4500299096107483
1,0.9686415195465088
1,0.9999998807907104
1,1.0
1,0.9999998807907104
1,0.7332505583763123
0,0.1903415322303772
0,0.10101976990699768
1,0.5412050485610962
1,0.9993242025375366
0,0.11781007796525955
1,1.0
1,0.7130870223045349
1,1.0
1,0.9861668944358826
1,0.9986349940299988
1,0.9903510212898254
1,1.0
1,0.9985003471374512
0,0.29695120453834534
0,0.3380271792411804
0,0.9791508913040161
1,0.8624866604804993
1,0.9355059266090393
1,0.8746564388275146
0,0.2819119989871979
0,0.13570962846279144
0,0.17913460731506348
1,0.9800038933753967
1,0.9999998807907104
0,0.09672698378562927
0,0.22125543653964996
1,1.0
1,0.9955927729606628
1,0.7489065527915955
1,0.9999986886978149
1,0.7666023969650269
0,0.1343729943037033
0,0.18324445188045502
1,0.9999994039535522
0,0.3356553912162781
1,0.9999998807907104
1,0.5846883058547974
1,0.7296015024185181
1,0.9106365442276001
0,0.11674591898918152
0,0.2302507609128952
1,0.871074914932251
1,0.9999998807907104
1,0.8508411645889282
1,0.8589272499084473
0,0.22388964891433716
0,0.989991307258606
0,0.18285861611366272
0,0.21164073050022125
1,1.0
0,0.262853741645813
1,0.5919798016548157
1,0.6224128603935242
1,0.9932277798652649
1,0.9336134195327759
0,0.9890314936637878
1,0.9999833106994629
1,0.6792641282081604
1,0.9999862909317017
1,0.9993533492088318
0,0.14988252520561218
0,0.1688762903213501
0,0.10333861410617828
0,0.09362312406301498
1,0.9030656218528748
1,0.9996706247329712
1,0.86279296875
0,0.9819594025611877
0,0.19886508584022522
0,0.19225674867630005
0,0.13704931735992432
1,0.8399063348770142
1,0.9999998807907104
0,0.09514127671718597
0,0.14047396183013916
1,1.0
0,0.22230389714241028
1,1.0
1,0.9981880784034729
1,1.0
1,1.0
1,0.9831809401512146
1,0.9486913681030273
0,0.09881018102169037
1,1.0
0,0.21473005414009094
1,1.0
0,0.2974500060081482
1,0.36085641384124756
0,0.10385700315237045
0,0.17589662969112396
1,0.8708127737045288
0,0.2048856019973755
1,0.9989495873451233
0,0.09540946781635284
1,0.9999961853027344
1,1.0
1,0.9991315007209778
1,0.9953464865684509
0,0.20181086659431458
1,1.0
1,0.671409010887146
1,1.0
0,0.12015575915575027
1,1.0
0,0.14514873921871185
0,0.12102314829826355
0,0.2034582495689392
0,0.23499159514904022
1,0.9795770645141602
0,0.08426287770271301
1,0.9976366758346558
0,0.3391118347644806
1,1.0
1,0.5638169646263123
1,0.5666583180427551
0,0.11336548626422882
0,0.13136108219623566
0,0.2854681611061096
1,0.7154844999313354
1,0.8884881138801575
1,0.6068509817123413
1,1.0
0,0.11597384512424469
1,0.9976319074630737
0,0.09452816098928452
0,0.20018549263477325
1,0.9908401370048523
1,0.5896522998809814
1,0.7740776538848877
0,0.09517675638198853
0,0.2564634382724762
1,0.860832154750824
1,0.9144724011421204
0,0.12436097115278244
1,0.9021855592727661
1,0.4396783411502838
1,0.8208017945289612
1,0.9973165392875671
0,0.09406459331512451
1,1.0
0,0.12924093008041382
1,1.0
0,0.2301958203315735
0,0.15572254359722137
1,0.9998475313186646
1,0.9987118244171143
1,0.6798909306526184
1,1.0
1,0.6416261792182922
0,0.11560387909412384
0,0.9821484088897705
1,1.0
0,0.24896477162837982
1,1.0
1,0.9827231168746948
1,0.6102035045623779
1,0.8785555362701416
0,0.14149972796440125
0,0.12837083637714386
0,0.2541181743144989
0,0.19423013925552368
1,0.37192556262016296
1,1.0
0,0.14600259065628052
0,0.9911341071128845
1,0.9999997615814209
1,1.0
0,0.9760144352912903
1,0.9862288236618042
0,0.13148199021816254
0,0.125252828001976
0,0.12236353754997253
1,0.9576988816261292
1,0.9999644756317139
0,0.10094961524009705
1,0.9966583251953125
1,1.0
0,0.9633511900901794
1,0.8354191780090332
0,0.21108193695545197
1,0.982050895690918
0,0.9488774538040161
1,1.0
1,1.0
1,0.9999990463256836
1,0.6157625317573547
0,0.1295248121023178
0,0.20368166267871857
0,0.1820778250694275
0,0.09512921422719955
1,0.7720403075218201
1,0.9999998807907104
0,0.19048625230789185
1,0.9999960660934448
1,0.9046505093574524
1,0.9998624324798584
0,0.1116073951125145
0,0.9175953269004822
0,0.10557028651237488
1,1.0
0,0.21399296820163727
1,0.9999996423721313
0,0.10786459594964981
0,0.1391114443540573
1,1.0
1,0.9999794960021973
1,0.9987039566040039
0,0.2392701953649521
0,0.12671546638011932
1,0.992944061756134
0,0.1220029965043068
1,0.5379221439361572
0,0.11792774498462677
1,0.999950647354126
1,0.9999998807907104
0,0.09821717441082001
1,1.0
1,1.0
0,0.22602112591266632
1,0.8097338676452637
0,0.09818348288536072
0,0.33256596326828003
0,0.9930891394615173
0,0.9844152331352234
0,0.13297829031944275
0,0.2932923138141632
1,0.7679204344749451
1,0.9129969477653503
0,0.1259884387254715
1,0.7931712865829468
0,0.1332899034023285
0,0.13341613113880157
1,0.9989193677902222
1,0.9533401727676392
1,0.9431419372558594
1,1.0
1,1.0
1,0.9956876635551453
0,0.16980993747711182
1,0.9999984502792358
1,0.7836451530456543
0,0.14102892577648163
1,0.9999992847442627
1,0.9999996423721313
1,0.6398189067840576
0,0.1412971019744873
1,0.9999147653579712
1,1.0
1,1.0
1,1.0
1,1.0
1,1.0
1,0.9999996423721313
1,0.5288094282150269
0,0.10938211530447006
1,0.9999480247497559
1,0.4535421133041382
1,0.9171347618103027
1,0.9969991445541382
1,1.0
1,0.9125671982765198
1,0.7545991539955139
1,0.8612954616546631
1,0.8191593885421753
0,0.1220858246088028
0,0.09548266977071762
0,0.8524706363677979
0,0.11144114285707474
1,0.7422041893005371
1,0.9999998807907104
1,0.9989922642707825
0,0.4747120440006256
1,1.0
0,0.15214969217777252
0,0.16041281819343567
1,1.0
1,1.0
1,0.9867703914642334
1,0.9916107058525085
1,0.663823127746582
0,0.10305368900299072
0,0.2662619352340698
1,0.5025553107261658
1,0.9684211015701294
1,0.9999951124191284
1,0.9999862909317017
1,0.9488699436187744
1,0.9999998807907104
1,0.7768376469612122
1,0.999970555305481
0,0.09775502979755402
1,1.0
0,0.10280328243970871
1,0.9999998807907104
1,0.9691986441612244
1,1.0
1,0.9945308566093445
1,0.9999818801879883
0,0.11543937027454376
1,0.7391411662101746
0,0.12279874086380005
0,0.1403207778930664
1,1.0
0,0.11292997002601624
0,0.12475084513425827
1,0.9999871253967285
1,0.9993383288383484
0,0.10456506907939911
1,0.9862749576568604
0,0.1760486364364624
0,0.9780735373497009
0,0.4522418975830078
0,0.26439937949180603
0,0.09646476060152054
1,0.9909539818763733
1,1.0
0,0.9811074733734131
0,0.13391678035259247
0,0.09575705230236053
1,1.0
1,0.8372669219970703
1,0.9967979788780212
0,0.11716365069150925
1,0.4238440692424774
1,0.9994056224822998
1,0.9998797178268433
1,0.9405083060264587
0,0.17308442294597626
1,0.8161166310310364
0,0.139402374625206
0,0.26071611046791077
1,0.9387031197547913
0,0.1993652731180191
0,0.09512542933225632
0,0.11047502607107162
1,0.9454381465911865
1,0.699312686920166
1,0.6150381565093994
1,0.3271814286708832
0,0.2122684270143509
1,1.0
1,0.8238527774810791
0,0.10263179242610931
1,0.9004329442977905
1,0.999942421913147
1,0.9998658895492554
0,0.1731187403202057
0,0.13715264201164246
0,0.9709479808807373
1,0.9085880517959595
0,0.9440058469772339
1,0.9990932941436768
1,0.999471127986908
1,1.0
1,1.0
1,0.9999538660049438
1,0.8110085725784302
0,0.12680858373641968
0,0.15562684834003448
0,0.15328852832317352
1,1.0
0,0.3606390953063965
1,0.6151719689369202
1,0.8179409503936768
1,1.0
0,0.0987001582980156
0,0.10913097113370895
1,0.8164841532707214
0,0.11719963699579239
1,0.7769215106964111
0,0.22551573812961578
0,0.2265690118074417
1,0.8023293018341064
1,1.0
0,0.1033264696598053
0,0.15688247978687286
1,0.8001468181610107
1,0.8128846883773804
1,0.9999997615814209
1,0.7155336141586304
0,0.11875404417514801
1,1.0
0,0.09006096422672272
0,0.23926791548728943
1,0.9492107033729553
0,0.2277388572692871
1,0.9133872389793396
0,0.14700892567634583
1,0.5055094957351685
0,0.1869145929813385
0,0.10711737722158432
1,0.9821586012840271
1,0.6130664348602295
1,1.0
1,0.997002899646759
1,0.9937723278999329
1,0.856961727142334
0,0.11036345362663269
0,0.9663814902305603
1,1.0
1,0.9679825901985168
1,0.9171671271324158
1,0.8203907608985901
1,0.6246199607849121
0,0.3285365700721741
1,0.8260363936424255
1,0.9991329312324524
0,0.17409414052963257
1,0.41199302673339844
0,0.10842793434858322
0,0.13748106360435486
1,0.9999642372131348
1,0.9999808073043823
1,0.647404670715332
1,0.9999324083328247
1,0.6491251587867737
1,0.9994742274284363
1,1.0
0,0.9800639152526855
1,0.4721757471561432
1,1.0
0,0.20359760522842407
0,0.2878967821598053
1,0.9997732043266296
1,0.5468318462371826
1,0.6937219500541687
1,0.9999868869781494
0,0.1687486469745636
1,0.30609288811683655
0,0.1520838886499405
1,0.9821761250495911
1,1.0
0,0.13768133521080017
1,0.9200417995452881
1,0.3556016981601715
1,0.7771551609039307
0,0.11608121544122696
0,0.16838712990283966
1,0.5919104218482971
1,1.0
1,1.0
0,0.11261746287345886
1,0.6216548681259155
1,0.30712053179740906
0,0.12333933264017105
1,0.8720654845237732
1,0.8151310086250305
1,0.878576934337616
1,1.0
1,0.9999918937683105
1,0.9999994039535522
1,0.5453681349754333
1,0.584022581577301
1,0.9366060495376587
0,0.9690905809402466
1,1.0
1,1.0
1,0.9619030952453613
0,0.0920688658952713
1,1.0
0,0.09364772588014603
1,0.8296534419059753
1,1.0
0,0.9768881797790527
0,0.11300971359014511
1,0.7757201194763184
1,0.8918548226356506
1,0.9999998807907104
0,0.3216962218284607
1,0.9050025343894958
0,0.11391766369342804
0,0.12381961941719055
0,0.22031980752944946
0,0.12827806174755096
0,0.1865060031414032
0,0.10880385339260101
0,0.09419719129800797
0,0.18708355724811554
0,0.3557153046131134
1,0.7182027101516724
1,0.9792903661727905
0,0.21512261033058167
0,0.1604296714067459
1,0.9514153003692627
1,0.9902229309082031
0,0.12453106790781021
1,0.9226431846618652
1,0.8662290573120117
1,0.9482975602149963
1,0.9995381832122803
1,0.5010312795639038
1,0.7338915467262268
1,0.7162771224975586
1,0.5600950121879578
1,1.0
1,0.8671738505363464
1,1.0
1,0.9648956656455994
1,1.0
0,0.2151634842157364
1,0.7386251091957092
0,0.22147350013256073
1,0.4378761947154999
1,0.9560437798500061
1,0.9500199556350708
1,0.9647324085235596
1,1.0
1,0.9995676875114441
0,0.30395737290382385
1,0.9658473134040833
1,0.29868996143341064
0,0.11753837019205093
1,0.9971703886985779
0,0.13801249861717224
1,0.9344229102134705
1,0.8615931868553162
0,0.27921798825263977
0,0.13697223365306854
1,0.965617835521698
0,0.10437671840190887
1,1.0
0,0.26822859048843384
1,0.9203822016716003
1,0.6814233064651489
0,0.0939132422208786
0,0.2098158299922943
1,0.9837462902069092
1,0.9355714917182922
0,0.11704892665147781
1,0.699670672416687
1,0.7634800672531128
1,0.9999853372573853
0,0.43900638818740845
1,0.9999979734420776
1,0.9877482652664185
0,0.2186039686203003
1,0.9999963045120239
1,1.0
1,1.0
0,0.21614359319210052
0,0.1863923817873001
1,1.0
0,0.977846086025238
1,0.8271335363388062
1,0.9246194362640381
1,1.0
0,0.1936628222465515
1,0.8481553196907043
0,0.18080675601959229
1,0.6412041187286377
1,0.9998650550842285
0,0.13285993039608002
1,0.3922001123428345
1,0.9310373067855835
0,0.3974846303462982
1,0.8308632969856262
1,0.9713165163993835
1,0.9998031258583069
1,0.9999368190765381
1,0.8352027535438538
1,1.0
0,0.14545749127864838
1,0.8072246313095093
0,0.12036692351102829
1,0.9997959733009338
1,0.8781576752662659
1,0.503814697265625
0,0.09809128195047379
0,0.2378966510295868
1,1.0
0,0.168866828083992
0,0.1052512377500534
1,0.5380806922912598
1,0.8930486440658569
0,0.13900181651115417
0,0.15530668199062347
1,0.9999997615814209
1,0.6583220362663269
0,0.2160986214876175
0,0.13617043197155
1,0.9996297359466553
1,1.0
1,1.0
1,0.9999997615814209
1,0.8626104593276978
0,0.13595479726791382
1,1.0
0,0.9753347039222717
1,0.32692626118659973
1,0.9312288165092468
0,0.10315129160881042
0,0.1584908664226532
0,0.0983990952372551
0,0.14711399376392365
0,0.12783759832382202
1,0.9860024452209473
0,0.2967516779899597
1,0.5015279650688171
0,0.9747611284255981
0,0.10171692818403244
0,0.09196075052022934
1,0.78959721326828
1,0.6416013836860657
0,0.9917998909950256
1,0.9941564798355103
1,1.0
1,0.9329735636711121
1,1.0
1,1.0
0,0.13944962620735168
1,0.3157890737056732
0,0.14334306120872498
1,0.4666731059551239
1,0.9973025321960449
0,0.11039531975984573
0,0.15832753479480743
1,0.6541890501976013
1,0.5889506340026855
1,1.0
1,1.0
0,0.11981835961341858
0,0.4025800824165344
0,0.10535211116075516
1,1.0
0,0.09535117447376251
0,0.2653428614139557
0,0.10785379260778427
1,0.9995816349983215
0,0.09431583434343338
0,0.12313276529312134
1,0.9999995231628418
1,0.9976593255996704
0,0.12986089289188385
0,0.11916705965995789
1,0.8423928618431091
1,0.999717652797699
1,0.6945206522941589
1,0.8763692378997803
0,0.09538041800260544
1,0.8392758369445801
1,0.32167288661003113
1,1.0
1,0.42014604806900024
1,0.7854381799697876
1,1.0
0,0.11606453359127045
0,0.17697568237781525
0,0.12766367197036743
1,0.5521611571311951
1,0.7609369158744812
0,0.10159604251384735
1,0.33330482244491577
1,0.9999998807907104
1,0.9244696497917175
1,0.9630500674247742
1,1.0
0,0.10523668676614761
1,0.99982088804245
0,0.2507242262363434
0,0.9772698879241943
1,0.9099136590957642
1,0.88124680519104
0,0.11114547401666641
0,0.9679033160209656
1,1.0
0,0.9676529765129089
1,0.912725567817688
1,0.8924726843833923
1,0.7954753637313843
0,0.09361771494150162
0,0.10835296660661697
1,0.8630165457725525
1,0.8482516407966614
0,0.989211916923523
1,0.7685550451278687
1,0.8341551423072815
1,0.8802739977836609
1,0.3408438563346863
0,0.9453567266464233
0,0.14321088790893555
0,0.14881137013435364
1,0.522874653339386
1,0.9999997615814209
0,0.09680291265249252
1,0.9970568418502808
1,0.9942570328712463
1,0.9970123767852783
1,1.0
1,0.6981660723686218
0,0.1857966035604477
1,0.9507638812065125
1,0.9864407181739807
0,0.10089776664972305
0,0.12926194071769714
1,0.42442822456359863
1,0.9844551086425781
0,0.2166496366262436
1,1.0
0,0.09504608809947968
0,0.1101532056927681
1,0.9438705444335938
0,0.9864320158958435
1,0.9999998807907104
1,0.5150441527366638
0,0.3363879919052124
1,1.0
1,0.3393044173717499
1,0.9261212348937988
1,0.8537343740463257
1,0.9984447360038757
1,0.9552643299102783
0,0.10691697150468826
0,0.2066947966814041
0,0.2926413118839264
1,0.9988403916358948
1,0.916291356086731
1,0.6881289482116699
0,0.11895767599344254
1,0.961031436920166
1,0.9288868308067322
1,0.7573075890541077
1,0.9999994039535522
0,0.9830348491668701
0,0.12286803871393204
0,0.1679472178220749
0,0.9805163741111755
1,0.6367143392562866
0,0.2411833554506302
1,0.9979591369628906
1,0.9267282485961914
1,1.0
1,0.9999998807907104
0,0.29421117901802063
1,0.4209161400794983
1,0.769164502620697
1,0.7388073205947876
1,0.9138839840888977
0,0.2616104781627655
1,0.9993559718132019
0,0.13065119087696075
1,0.7271550893783569
1,0.9942557215690613
1,0.9940435290336609
1,0.7245576977729797
1,0.9156273603439331
1,0.8850346803665161
1,0.31045836210250854
1,0.6489555835723877
1,0.9342902302742004
1,1.0
1,0.7625637650489807
0,0.9911674857139587
1,0.5123540759086609
1,0.7469860315322876
1,0.9992190599441528
0,0.22955232858657837
0,0.22640566527843475
0,0.9914747476577759
1,0.9630502462387085
1,0.6787998676300049
1,0.667488694190979
1,0.7523195147514343
1,1.0
0,0.34732261300086975
0,0.11332724988460541
0,0.13298025727272034
1,1.0
1,0.9999167919158936
1,0.9999710321426392
1,0.8500251173973083
1,1.0
1,0.9483646750450134
1,0.6832150220870972
1,0.854756772518158
0,0.974660336971283
1,0.26837262511253357
0,0.24134528636932373
1,0.9255717992782593
0,0.1109699010848999
1,0.6954829692840576
1,0.9999978542327881
0,0.22175166010856628
0,0.09420491755008698
1,0.5851726531982422
0,0.10298321396112442
1,0.92657870054245
1,0.9653064608573914
0,0.15126025676727295
0,0.1504451036453247
1,0.8256072998046875
1,1.0
1,0.9995457530021667
1,1.0
1,0.9999988079071045
1,0.9461581707000732
1,0.9989572763442993
1,0.9972339272499084
1,0.9998162388801575
1,1.0
1,1.0
0,0.8933542370796204
0,0.13267260789871216
0,0.12409906089305878
0,0.1264633983373642
0,0.21146583557128906
1,0.9910119771957397
0,0.17499446868896484
1,0.9999649524688721
1,0.9999998807907104
0,0.10421717166900635
1,0.5903618335723877
0,0.09478501975536346
1,1.0
0,0.9718748927116394
1,0.5609428882598877
1,0.931624710559845
1,0.9899847507476807
1,0.9561460614204407
0,0.11022613942623138
1,1.0
1,0.9585912227630615
1,1.0
1,0.6419221758842468
1,1.0
0,0.15665455162525177
0,0.26423919200897217
0,0.11802726984024048
0,0.15205508470535278
1,0.9999998807907104
1,1.0
0,0.15718360245227814
1,0.9527159929275513
0,0.10929038375616074
1,0.992751955986023
1,1.0
0,0.13278377056121826
1,1.0
1,0.9988918900489807
0,0.2479763627052307
0,0.19295959174633026
1,0.9801307916641235
0,0.20256468653678894
1,0.9656076431274414
1,0.926684558391571
0,0.1258457452058792
1,0.9926020503044128
1,0.8973782062530518
0,0.9849721789360046
1,1.0
1,0.6568660736083984
1,0.5446851849555969
1,0.9979676604270935
0,0.22380349040031433
0,0.10314483195543289
0,0.18996906280517578
1,1.0
1,0.2981793284416199
1,1.0
0,0.1889621764421463
0,0.1943337768316269
0,0.12784583866596222
1,0.8584853410720825
0,0.2152756154537201
0,0.16465048491954803
1,0.664757251739502
0,0.10283105820417404
1,0.9999202489852905
1,1.0
1,0.9999479055404663
1,0.9462478160858154
1,1.0
1,1.0
0,0.3302213251590729
0,0.9435135126113892
0,0.143626868724823
1,0.9999998807907104
1,0.9188441634178162
0,0.9813820123672485
1,1.0
1,1.0
0,0.1010076254606247
0,0.9810432195663452
1,1.0
1,1.0
1,0.6120126843452454
1,1.0
1,1.0
0,0.09353755414485931
1,0.9982353448867798
0,0.15904393792152405
1,0.890995442867279
0,0.11714303493499756
1,0.9999990463256836
0,0.20339630544185638
0,0.12403345853090286
1,0.6198208332061768
0,0.12220530211925507
1,0.6417420506477356
1,0.8264682292938232
0,0.09953197091817856
0,0.1453828662633896
1,0.9998927116394043
0,0.16109074652194977
1,1.0
1,0.9972345232963562
0,0.9457743763923645
0,0.2870677709579468
1,1.0
0,0.2538456916809082
0,0.1880929321050644
0,0.22010743618011475
1,0.4850098490715027
1,0.9999954700469971
1,0.9999037981033325
1,0.9519315361976624
1,0.9998660087585449
1,1.0
0,0.1169600561261177
0,0.2664889991283417
1,0.45383238792419434
0,0.18724530935287476
1,0.9999454021453857
1,0.6927027106285095
0,0.16331012547016144
0,0.24747440218925476
0,0.14675287902355194
0,0.11241453140974045
0,0.22808034718036652
1,0.409390389919281
0,0.15739265084266663
0,0.3062872886657715
0,0.26647883653640747
1,0.7951648831367493
1,0.6545550227165222
0,0.9968075752258301
0,0.17112310230731964
1,1.0
0,0.28404974937438965
1,0.9155041575431824
0,0.09750789403915405
1,0.9992119073867798
0,0.1136590838432312
0,0.12806281447410583
1,0.9999998807907104
1,0.8354989290237427
0,0.3474818468093872
0,0.10779890418052673
1,0.9681645035743713
0,0.27224740386009216
1,0.9999986886978149
1,0.9999998807907104
0,0.14747321605682373
1,0.9999998807907104
0,0.12560200691223145
1,1.0
1,0.8824331164360046
1,0.9998947381973267
1,0.97153240442276
0,0.27157074213027954
1,0.9870398640632629
1,0.9997815489768982
1,0.8036558628082275
1,0.9597341418266296
1,1.0
0,0.13143303990364075
1,0.9999923706054688
0,0.2318934202194214
0,0.270826518535614
0,0.9870736598968506
1,0.792019784450531
1,0.923743486404419
1,0.950771689414978
1,1.0
0,0.11125984787940979
0,0.10171601176261902
1,0.7183639407157898
1,1.0
1,0.7039666771888733
1,0.6091461777687073
1,0.3752686381340027
0,0.15301403403282166
1,0.9999998807907104
0,0.09475536644458771
0,0.10600073635578156
0,0.14880895614624023
1,0.861762285232544
0,0.2322843372821808
1,0.5354195833206177
0,0.15392754971981049
1,0.7544700503349304
0,0.25440430641174316
0,0.21757641434669495
1,0.6214258670806885
0,0.1406429409980774
1,0.9298999309539795
0,0.13343274593353271
0,0.10183902084827423
0,0.14071834087371826
0,0.16609549522399902
0,0.13100916147232056
1,0.7210183143615723
0,0.16613870859146118
1,0.9890145659446716
0,0.1935167759656906
1,0.7711737751960754
1,0.7550873160362244
0,0.995893120765686
0,0.2627147436141968
0,0.2059973180294037
0,0.3059419095516205
1,1.0
1,0.9999998807907104
1,0.9988707900047302
1,0.9998843669891357
1,0.9995056390762329
1,0.4960443377494812
0,0.18464906513690948
1,0.9086671471595764
1,0.4116494357585907
1,0.9989026784896851
0,0.9923779964447021
0,0.14956840872764587
0,0.12033736705780029
1,1.0
1,0.8266921639442444
1,0.9811828136444092
0,0.13871610164642334
0,0.2685490846633911
0,0.9921653270721436
0,0.09100416302680969
1,0.9685177206993103
1,1.0
1,1.0
0,0.13431602716445923
1,0.6774351000785828
1,1.0
1,0.999406099319458
0,0.268355131149292
0,0.09227734804153442
1,0.7174234390258789
1,1.0
1,0.9991575479507446
1,0.9993588328361511
0,0.2387167513370514
1,0.9995715022087097
0,0.1251269280910492
1,1.0
1,0.8995586037635803
1,0.6362479329109192
1,0.9999879598617554
1,0.9999994039535522
1,0.9997066855430603
1,0.9990147352218628
1,0.3740091025829315
0,0.21077878773212433
1,0.9678671360015869
1,0.8762868642807007
1,0.8859291672706604
1,0.7675254344940186
1,0.999971866607666
1,0.9326375126838684
0,0.9558588862419128
1,0.9034491181373596
0,0.2726769745349884
1,0.49306756258010864
1,1.0
0,0.31412869691848755
0,0.2775334417819977
1,0.8347883820533752
0,0.11292748898267746
1,0.5159071087837219
0,0.1295536756515503
1,0.6178065538406372
1,0.999992847442627
0,0.11492609232664108
1,0.9384070038795471
0,0.14127549529075623
1,1.0
0,0.2595830261707306
0,0.2221508026123047
0,0.34199193120002747
1,0.863227128982544
1,0.9999988079071045
1,0.7823701500892639
1,0.998785674571991
1,0.7418891191482544
1,1.0
1,0.8699190616607666
1,0.5357171297073364
1,0.9156366586685181
0,0.11246336251497269
1,0.9724023938179016
0,0.18240712583065033
1,0.9994695782661438
1,1.0
0,0.09387192130088806
1,0.7664517760276794
0,0.10144685208797455
0,0.09687864780426025
0,0.09866970777511597
1,0.9999456405639648
1,0.5760261416435242
1,0.6428871154785156
1,0.999586284160614
0,0.10145071893930435
1,0.4628065824508667
1,0.9995055198669434
1,0.9999998807907104
0,0.13876204192638397
0,0.20111002027988434
1,1.0
0,0.21317505836486816
1,0.9651612043380737
0,0.11801525205373764
1,0.5752661228179932
1,0.998819887638092
0,0.11246209591627121
1,0.7880986332893372
1,0.9999980926513672
0,0.1450018435716629
1,1.0
1,0.9206551313400269
1,0.9997552037239075
1,0.9999198913574219
0,0.13192471861839294
0,0.15187180042266846
1,0.9988619089126587
0,0.23953019082546234
1,0.981368362903595
1,1.0
1,1.0
0,0.22525441646575928
1,0.9999998807907104
1,1.0
0,0.11081725358963013
0,0.12333199381828308
0,0.9602027535438538
0,0.15919968485832214
1,1.0
1,0.7004109621047974
1,0.9999990463256836
1,0.9691875576972961
1,0.9366296529769897
1,0.4991278350353241
1,0.8789713382720947
0,0.22518214583396912
1,0.9955390095710754
1,0.7478153705596924
1,0.3883066773414612
1,0.29227665066719055
1,0.9346523880958557
1,0.9868593215942383
0,0.16884779930114746
1,0.9998502731323242
1,0.864949107170105
1,1.0
0,0.9886753559112549
0,0.16606588661670685
0,0.12093242257833481
1,1.0
0,0.8971863389015198
1,0.9997219443321228
0,0.11211641877889633
0,0.9235026836395264
1,0.9896663427352905
1,0.9976160526275635
0,0.10990724712610245
1,1.0
1,0.999893069267273
1,0.9980905652046204
0,0.2911546230316162
1,0.8601807355880737
1,1.0
0,0.1951735019683838
1,0.9965960383415222
0,0.17418332397937775
1,0.7344323992729187
1,0.8540995717048645
0,0.12805616855621338
0,0.09277939051389694
1,1.0
1,1.0
0,0.16014860570430756
1,0.9999960660934448
1,1.0
1,0.6891664266586304
1,0.9984399676322937
0,0.1371520459651947
1,1.0
0,0.2492745816707611
0,0.10793718695640564
1,0.5166063904762268
1,0.8172672986984253
1,0.5971403121948242
1,0.8628147840499878
0,0.19646364450454712
0,0.11110273003578186
0,0.23787595331668854
1,0.526167631149292
1,0.5492514371871948
0,0.11450483649969101
0,0.10166379809379578
1,0.9699748158454895
1,1.0
0,0.18129946291446686
0,0.20762614905834198
0,0.1376752108335495
0,0.19900883734226227
1,0.8466606736183167
0,0.20893418788909912
1,0.4385862350463867
0,0.23296889662742615
1,0.8117873072624207
1,0.9999997615814209
1,0.8477237224578857
1,0.8798638582229614
1,0.6346348524093628
0,0.1208602711558342
1,1.0
0,0.17419582605361938
1,0.9063823223114014
0,0.14598751068115234
1,0.9999972581863403
0,0.9519631862640381
1,0.40194904804229736
1,0.6986193060874939
1,0.982358992099762
1,0.9999622106552124
0,0.1300022006034851
0,0.22358347475528717
1,0.8248544335365295
0,0.09003545343875885
1,0.8558380603790283
1,0.99928879737854
0,0.1511724293231964
1,0.9565545916557312
0,0.17433205246925354
1,0.989467203617096
0,0.9274890422821045
1,0.6513046026229858
1,0.7040782570838928
1,0.9501242637634277
1,0.999990701675415
1,1.0
1,1.0
1,1.0
0,0.9578999876976013
0,0.19322961568832397
1,0.9991942048072815
1,0.9999998807907104
0,0.09860128164291382
0,0.1225697249174118
1,0.9809620976448059
0,0.9930701851844788
1,0.9988229870796204
0,0.13402286171913147
1,0.7260652780532837
1,0.7432637214660645
1,1.0
1,0.91679847240448
1,1.0
0,0.20029419660568237
1,0.9999663829803467
0,0.9436017274856567
1,0.6024287939071655
1,0.5194159150123596
1,0.6247274875640869
1,0.8937000036239624
0,0.17402906715869904
0,0.12038777768611908
1,0.9999908208847046
1,0.9652934074401855
0,0.119853176176548
1,0.9939950108528137
0,0.29690176248550415
0,0.2512314021587372
1,0.8770371675491333
0,0.11778531223535538
1,0.8220579624176025
0,0.12220439314842224
1,0.7093909382820129
1,0.8667410016059875
1,0.9844501614570618
0,0.2263675183057785
0,0.11239980906248093
1,0.9999312162399292
1,1.0
1,0.45133960247039795
1,0.9986405968666077
1,0.7428864240646362
1,0.5969059467315674
1,0.9379342198371887
1,1.0
1,0.9999039173126221
0,0.0942872017621994
1,0.8953439593315125
0,0.11379852145910263
1,1.0
1,0.7800995111465454
1,0.9999815225601196
0,0.20126710832118988
1,0.9967960715293884
1,0.9973906874656677
1,0.9340928792953491
1,0.9224622845649719
0,0.22586728632450104
1,0.9988969564437866
1,0.9997742772102356
1,0.9985053539276123
1,0.9999994039535522
1,1.0
0,0.11954503506422043
1,1.0
0,0.26341864466667175
1,0.9471602439880371
0,0.0975538045167923
1,0.9999969005584717
0,0.10809478908777237
0,0.2911851406097412
0,0.25519859790802
0,0.16568468511104584
0,0.1795228272676468
1,0.9597035050392151
0,0.24803027510643005
1,0.9831756353378296
1,0.9617294073104858
0,0.11343974620103836
0,0.24930216372013092
1,1.0
1,0.8809899091720581
0,0.26979559659957886
0,0.34913399815559387
1,0.9218171238899231
0,0.1385020613670349
1,0.762786865234375
1,0.9864219427108765
0,0.16879311203956604
1,0.8634684681892395
0,0.12867937982082367
0,0.14591006934642792
0,0.12125220894813538
1,0.6618369221687317
1,0.9999977350234985
1,0.9312775135040283
0,0.951285183429718
1,0.511887788772583
1,1.0
0,0.9310701489448547
1,1.0
0,0.09715704619884491
1,1.0
1,0.7891796231269836
1,0.6890555620193481
1,0.955325722694397
1,0.9999961853027344
1,0.9994538426399231
1,0.9999949932098389
0,0.9645387530326843
1,0.9942353367805481
1,0.9998922348022461
1,0.9999932050704956
1,0.9999986886978149
1,0.5903446674346924
0,0.9841192364692688
1,0.998471200466156
1,0.34077325463294983
0,0.989273726940155
0,0.1346573829650879
1,0.9999997615814209
1,0.4645775854587555
1,0.6530848145484924
1,1.0
0,0.10258141160011292
1,1.0
1,0.7732065916061401
1,0.7087986469268799
0,0.10666230320930481
1,0.9997879862785339
1,0.9999934434890747
1,0.9273293018341064
1,0.9995678067207336
0,0.9680895209312439
0,0.15837512910366058
0,0.1282348781824112
1,0.3071031868457794
1,1.0
0,0.1524256467819214
1,0.9664676785469055
1,0.5955480337142944
0,0.0964408665895462
0,0.26805970072746277
1,1.0
0,0.13191531598567963
1,0.9988719820976257
1,0.9997859597206116
1,0.6329696178436279
1,1.0
1,0.936526358127594
0,0.20686064660549164
0,0.27876269817352295
0,0.11280086636543274
0,0.09486362338066101
0,0.1289088875055313
1,0.931119978427887
0,0.20203258097171783
1,0.7250961065292358
1,0.998384952545166
1,0.9999998807907104
1,0.9343075156211853
0,0.2247723937034607
1,1.0
0,0.1159871444106102
0,0.2609318196773529
0,0.996855616569519
1,0.999987006187439
0,0.10380927473306656
0,0.18366749584674835
1,1.0
0,0.21735216677188873
1,0.9381240606307983
1,0.5739285945892334
1,0.9999908208847046
0,0.09440910816192627
0,0.11430953443050385
1,1.0
1,0.9988993406295776
0,0.13986897468566895
1,1.0
1,0.9513700008392334
1,0.33339354395866394
1,0.9993688464164734
0,0.1859932839870453
1,1.0
1,0.8623948693275452
0,0.10304710268974304
1,0.9999910593032837
1,0.9788197875022888
0,0.2914374768733978
0,0.16881495714187622
0,0.12640514969825745
0,0.10192713141441345
1,0.8195263147354126
1,0.9994961023330688
0,0.13376913964748383
1,0.9417616128921509
0,0.9730143547058105
1,0.999983549118042
0,0.15354852378368378
0,0.2267414927482605
0,0.13331224024295807
1,0.9578609466552734
0,0.10724957287311554
1,0.9999511241912842
1,0.5699161887168884
0,0.1278132051229477
1,1.0
1,1.0
0,0.21138238906860352
0,0.16804590821266174
1,0.858720600605011
0,0.1380631923675537
0,0.20412150025367737
0,0.23971423506736755
0,0.10082800686359406
1,0.37949156761169434
1,0.9999996423721313
0,0.1491955667734146
0,0.13083967566490173
1,0.9999990463256836
1,0.9999998807907104
1,0.9999769926071167
0,0.27236703038215637
1,0.9976255297660828
1,0.999996542930603
0,0.10083024203777313
1,0.9425546526908875
1,0.571420431137085
1,0.9386008381843567
1,0.9765374660491943
1,0.9999998807907104
1,0.8959462642669678
1,0.744137704372406
0,0.11015310883522034
1,0.6659624576568604
0,0.11903361231088638
1,0.9997369647026062
0,0.14803199470043182
0,0.33757930994033813
1,0.949151873588562
1,0.6672706007957458
1,0.9988744854927063
1,0.99622642993927
1,1.0
1,1.0
1,0.7657345533370972
0,0.9359089136123657
1,0.7667276859283447
1,0.37952378392219543
0,0.11801648885011673
1,0.4975868761539459
0,0.1250329613685608
1,0.612299919128418
0,0.10885905474424362
1,1.0
1,1.0
1,0.9989938139915466
0,0.3418111205101013
1,0.894314169883728
1,0.9976772665977478
1,1.0
1,0.9478302597999573
1,0.7739325761795044
1,0.706017017364502
1,1.0
1,1.0
0,0.13570524752140045
1,0.9999996423721313
0,0.2694670259952545
1,0.6937412619590759
0,0.16747291386127472
1,0.7937210202217102
1,0.7469132542610168
0,0.1363363415002823
1,0.5617504119873047
1,0.9280914068222046
1,0.6633358597755432
0,0.9731646180152893
1,0.9995328187942505
0,0.99093097448349
0,0.9847322106361389
0,0.18802298605442047
1,0.7103406190872192
1,0.9999998807907104
1,0.7605592608451843
0,0.9473811388015747
1,0.5628701448440552
1,0.6428090333938599
1,0.9995947480201721
1,0.6861128807067871
0,0.17180974781513214
0,0.329735666513443
1,0.5588425993919373
0,0.10345838963985443
1,0.5576785206794739
0,0.13327541947364807
0,0.19223423302173615
1,0.8578905463218689
1,0.6542523503303528
1,0.8928176164627075
1,1.0
0,0.21767865121364594
1,0.3495995104312897
0,0.09388622641563416
1,1.0
0,0.10083644092082977
1,0.9973351359367371
1,0.8797623515129089
1,0.9988459348678589
1,0.649524986743927
1,0.8429060578346252
1,0.6580280661582947
0,0.9556369781494141
0,0.22550314664840698
0,0.09195850044488907
0,0.9834008812904358
0,0.09494130313396454
1,1.0
0,0.2745213508605957
1,0.9223427772521973
1,0.9459069967269897
1,0.9994924068450928
1,0.2504635751247406
1,0.9972364902496338
0,0.3207571804523468
1,0.7280595302581787
0,0.12699127197265625
1,0.9998242259025574
0,0.12007031589746475
1,0.8345016241073608
1,0.999997615814209
0,0.15244774520397186
0,0.2706693112850189
1,0.8109815120697021
0,0.10251292586326599
0,0.13237284123897552
0,0.10987163335084915
1,1.0
1,0.5825613737106323
1,0.9999991655349731
1,0.9706501364707947
0,0.12015239894390106
1,1.0
1,0.7600257992744446
1,0.9129268527030945
1,0.9967637062072754
0,0.11903455853462219
0,0.09666577726602554
1,0.7778180241584778
1,0.9214361310005188
1,0.45667946338653564
1,0.8590589165687561
1,1.0
0,0.1063278391957283
0,0.25683435797691345
1,0.9478003978729248
1,0.8871831893920898
1,0.7134291529655457
0,0.14443504810333252
1,0.9963370561599731
0,0.3195425271987915
1,0.46291598677635193
1,0.7767186760902405
1,0.4858875870704651
0,0.09214339405298233
1,0.40221697092056274
1,0.5008094310760498
1,1.0
1,0.5166012048721313
1,0.9993208646774292
0,0.13750506937503815
1,0.9992566704750061
0,0.12585783004760742
1,0.9999985694885254
0,0.0894332081079483
1,0.9294227361679077
0,0.93918776512146
0,0.09346892684698105
1,1.0
1,0.7520565390586853
1,0.806677520275116
0,0.09968559443950653
1,0.7651746869087219
1,0.6860547065734863
1,0.6452063918113708
0,0.17604441940784454
0,0.1993083953857422
1,0.6026932001113892
0,0.12992331385612488
1,1.0
1,0.7176663279533386
1,0.9598965644836426
1,0.43220338225364685
0,0.19038815796375275
0,0.09629219770431519
1,0.9999998807907104
1,0.9989247918128967
1,0.9854954481124878
1,0.9581132531166077
1,1.0
0,0.9955796599388123
1,0.9999864101409912
1,0.9999997615814209
0,0.16226831078529358
0,0.12398437410593033
1,0.8304000496864319
1,0.6466191411018372
1,0.9999995231628418
0,0.9777361750602722
0,0.11598990857601166
1,0.9996684789657593
0,0.09344804286956787
0,0.12399190664291382
0,0.29671403765678406
1,0.9999998807907104
1,0.999091625213623
1,1.0
1,0.7571691870689392
1,0.47234973311424255
0,0.11301899701356888
0,0.312516987323761
0,0.2983267605304718
1,1.0
1,0.904857873916626
1,0.8466969728469849
0,0.2430436760187149
1,0.8769371509552002
1,0.999998927116394
0,0.2542709410190582
1,0.9998002648353577
1,1.0
0,0.16931170225143433
0,0.1229342594742775
1,0.7875072956085205
1,0.999220609664917
1,0.9966235160827637
1,0.9999994039535522
1,0.9610040187835693
1,0.5981930494308472
0,0.9743220806121826
1,1.0
1,0.31517598032951355
0,0.24661171436309814
1,1.0
0,0.2494388073682785
0,0.1239582970738411
1,0.7551046013832092
1,0.9975942969322205
1,1.0
1,0.5552752614021301
0,0.11600897461175919
1,1.0
1,0.9998582601547241
1,0.9999980926513672
0,0.18982717394828796
0,0.12173264473676682
0,0.1196928471326828
1,0.9999996423721313
1,0.30028262734413147
1,0.9604102373123169
1,0.6768230199813843
0,0.10871882736682892
1,0.32574453949928284
0,0.2632249891757965
0,0.0977301374077797
1,0.5643296241760254
0,0.1442779004573822
1,0.9996962547302246
1,0.7958809733390808
1,0.9999992847442627
0,0.09909852594137192
1,0.427964448928833
0,0.32204389572143555
0,0.10880976915359497
1,0.9012565016746521
1,0.999927282333374
1,0.6470051407814026
1,0.7517735362052917
1,0.9586893916130066
1,0.8514246940612793
1,0.9996041655540466
0,0.2114250808954239
0,0.21011711657047272
0,0.2791121304035187
0,0.21373218297958374
1,1.0
0,0.18039250373840332
1,0.6098420023918152
1,0.9996498823165894
0,0.107823446393013
1,0.9999387264251709
0,0.21698619425296783
1,0.7757391333580017
0,0.09630047529935837
1,0.9949872493743896
1,1.0
1,0.9999960660934448
1,1.0
0,0.26386475563049316
1,0.9999988079071045
0,0.11086233705282211
0,0.9800169467926025
1,0.9999997615814209
1,0.5209103226661682
1,0.9568647146224976
0,0.18894396722316742
0,0.10172031819820404
0,0.30258938670158386
0,0.125706747174263
0,0.24636858701705933
1,0.9999997615814209
0,0.30317428708076477
1,0.999772846698761
0,0.2422567754983902
1,0.9992483258247375
1,1.0
0,0.9882916808128357
1,0.9993423819541931
1,0.3363359272480011
1,0.7952290177345276
1,1.0
1,0.9999990463256836
0,0.3163786828517914
1,1.0
1,1.0
0,0.16048240661621094
0,0.1851263791322708
0,0.1208847165107727
1,1.0
1,0.9999983310699463
0,0.17090553045272827
0,0.09850310534238815
0,0.9635120034217834
1,0.999927282333374
0,0.13205750286579132
1,0.76779705286026
1,0.6913201808929443
1,0.9974159002304077
1,0.8724527359008789
1,0.9712183475494385
0,0.20841233432292938
1,0.9999997615814209
0,0.14182379841804504
1,0.8745715618133545
0,0.2880443334579468
0,0.10625756531953812
1,0.9929898977279663
0,0.37507501244544983
1,0.3377978503704071
0,0.26000797748565674
0,0.24542199075222015
1,0.6217198371887207
1,0.9174822568893433
1,0.5389548540115356
0,0.1380268782377243
0,0.9707751870155334
1,0.8843095302581787
1,0.5973911881446838
0,0.09609577804803848
1,0.9930974841117859
1,0.9999445676803589
1,0.9582769870758057
0,0.19888155162334442
0,0.09338609129190445
0,0.09105527400970459
0,0.9868621826171875
1,0.9980480670928955
1,1.0
0,0.10985715687274933
0,0.4061901569366455
0,0.09956225007772446
1,0.4472169876098633
0,0.9838845133781433
1,0.896213710308075
1,1.0
0,0.18302421271800995
0,0.09561178833246231
1,0.7064396739006042
0,0.26453399658203125
1,0.8078409433364868
1,0.6799971461296082
0,0.1076330691576004
1,1.0
1,1.0
0,0.9441646933555603
0,0.9837478995323181
0,0.22836270928382874
0,0.25983962416648865
1,0.9893049001693726
0,0.10351362079381943
1,0.999869704246521
1,0.6118329763412476
1,0.8740341067314148
1,0.9999954700469971
1,0.9989306330680847
0,0.11049076169729233
1,0.9626561403274536
1,0.8080628514289856
1,0.8983580470085144
0,0.09540083259344101
1,0.7678476572036743
1,1.0
1,0.9974728226661682
1,0.9999996423721313
0,0.09958889335393906
0,0.2623984217643738
1,1.0
1,1.0
1,1.0
0,0.24026380479335785
1,0.46482032537460327
1,0.9898865222930908
1,0.9460361003875732
1,0.9999990463256836
1,0.6462119817733765
1,1.0
1,0.9999979734420776
0,0.35008764266967773
1,0.575317919254303
1,0.7072296738624573
1,0.8579050302505493
1,0.6112566590309143
1,0.9163565039634705
1,0.6249187588691711
1,0.7772417068481445
1,0.9999997615814209
0,0.24326889216899872
0,0.14408020675182343
1,0.9844719767570496
0,0.9932592511177063
0,0.23217208683490753
1,0.8956063985824585
1,0.9993677735328674
1,0.7397560477256775
1,1.0
1,0.7368513941764832
0,0.11019523441791534
1,1.0
1,0.8254966139793396
1,0.9717162847518921
1,0.7885557413101196
1,0.9999995231628418
1,0.996749997138977
1,0.5432595610618591
1,1.0
0,0.28444352746009827
1,0.8003485202789307
0,0.24282947182655334
0,0.10136160999536514
1,0.6731597185134888
1,0.926460325717926
0,0.1920805126428604
0,0.10335010290145874
1,1.0
0,0.15118858218193054
0,0.9849147796630859
1,0.9846962690353394
0,0.11996341496706009
0,0.11421672254800797
0,0.1412365585565567
1,0.9217664003372192
0,0.24743223190307617
1,0.999854564666748
0,0.14114180207252502
0,0.10552585124969482
1,0.8393204808235168
1,0.8413166999816895
1,0.7716739177703857
0,0.15409687161445618
0,0.16865776479244232
1,0.6524573564529419
1,0.6531155705451965
0,0.21062509715557098
1,0.9034401178359985
1,0.9499745965003967
1,0.999996542930603
1,0.5548133254051208
1,1.0
0,0.17229321599006653
1,1.0
1,0.9999997615814209
0,0.24032826721668243
1,0.601719081401825
0,0.12837162613868713
1,0.9256369471549988
1,1.0
0,0.2536371946334839
1,1.0
0,0.10716956853866577
0,0.15714405477046967
0,0.23841659724712372
1,0.6840261816978455
1,0.7692415714263916
1,0.9999998807907104
1,0.5434189438819885
1,0.5792875289916992
0,0.12856151163578033
1,0.8969432711601257
1,0.9983819723129272
1,0.7293676733970642
1,0.6796724200248718
1,0.8777775764465332
1,1.0
1,0.9953064322471619
0,0.10491102188825607
0,0.11303942650556564
1,1.0
1,0.9912850260734558
1,0.8806321024894714
0,0.9286203384399414
0,0.20348377525806427
1,0.9999947547912598
1,0.9380021691322327
1,0.6667793393135071
1,0.9409427642822266
1,0.999428927898407
1,1.0
0,0.8277613520622253
1,0.7917078137397766
1,0.9999934434890747
1,1.0
1,1.0
1,0.2940827012062073
1,0.5697413086891174
0,0.12912026047706604
1,0.7285478711128235
1,1.0
1,0.999995231628418
1,0.36319050192832947
1,0.5915178656578064
0,0.14824524521827698
1,0.9999998807907104
0,0.19353531301021576
1,0.9999971389770508
1,0.9999994039535522
1,0.9509057402610779
1,0.692168116569519
0,0.3222125172615051
0,0.10535663366317749
1,0.9999926090240479
1,1.0
0,0.11628404259681702
1,1.0
1,0.6508952379226685
0,0.26560088992118835
1,0.9999771118164062
1,0.9975161552429199
0,0.12909600138664246
1,0.7778110504150391
0,0.20719745755195618
0,0.10649040341377258
1,1.0
1,0.6402584314346313
0,0.8138003945350647
1,0.7538843154907227
1,1.0
1,0.9770630598068237
1,0.8687841296195984
0,0.1486157476902008
0,0.10758643597364426
1,0.9999998807907104
0,0.1312413513660431
0,0.22787590324878693
1,1.0
0,0.9430835843086243
0,0.1076970025897026
1,0.9620254635810852
0,0.19053678214550018
1,0.9999984502792358
1,0.951266884803772
1,1.0
1,0.6722038388252258
0,0.28413474559783936
1,0.628495991230011
0,0.16307257115840912
1,0.8762741088867188
1,0.9999997615814209
1,0.998488187789917
0,0.2451600432395935
0,0.13191846013069153
1,0.7765436172485352
0,0.1118423119187355
1,0.9999246597290039
0,0.12837421894073486
1,0.9999983310699463
1,0.9417227506637573
0,0.11092444509267807
1,0.7923718690872192
1,0.9893167614936829
1,0.42727360129356384
1,1.0
1,0.8990672826766968
0,0.11986248940229416
0,0.09804566949605942
0,0.2041868418455124
0,0.23782551288604736
1,1.0
0,0.9913802742958069
0,0.19198459386825562
0,0.09192393720149994
1,0.9999995231628418
0,0.10521522909402847
1,1.0
0,0.13445977866649628
1,0.6907387971878052
0,0.1255960464477539
0,0.13581454753875732
0,0.33262938261032104
0,0.13678348064422607
1,0.9883212447166443
0,0.21368102729320526
1,0.9999598264694214
1,0.9989961981773376
1,0.9999186992645264
0,0.8626231551170349
1,0.45835191011428833
0,0.10909941047430038
1,0.9999994039535522
0,0.9283993244171143
1,0.8622654676437378
0,0.11676954478025436
1,0.7791954874992371
1,0.9999997615814209
1,0.9997299313545227
1,0.4370877742767334
1,1.0
1,0.6695212125778198
0,0.11027761548757553
0,0.17952114343643188
0,0.13424517214298248
0,0.22952932119369507
1,0.9999992847442627
1,0.788313627243042
1,1.0
1,0.8082491755485535
1,0.7672527432441711
1,0.5662020444869995
1,0.9971178770065308
1,1.0
1,0.9637975692749023
1,0.9868628978729248
1,0.9999823570251465
1,0.9999884366989136
1,0.9999998807907104
0,0.15856808423995972
0,0.2291519045829773
1,0.9941455125808716
0,0.1449868381023407
0,0.1737949103116989
0,0.13334804773330688
0,0.890011727809906
0,0.9726971983909607
1,0.6048269271850586
1,0.966802179813385
1,1.0
1,0.9457083344459534
0,0.09198414534330368
1,0.8132629990577698
1,0.9993612170219421
1,0.7845910787582397
1,0.8675497770309448
0,0.17547707259655
0,0.26428014039993286
0,0.9736799597740173
0,0.11664629727602005
1,1.0
1,0.7374951243400574
1,0.785434901714325
0,0.28727036714553833
0,0.3093796372413635
0,0.0930974930524826
1,0.8835862278938293
1,0.5959221720695496
1,1.0
1,1.0
1,0.998335063457489
0,0.11461582779884338
0,0.09567052125930786
1,0.438821405172348
1,0.9201687574386597
0,0.1900441199541092
0,0.9948416352272034
1,0.9966468214988708
1,1.0
0,0.13942815363407135
1,0.9999994039535522
1,0.9867165088653564
1,0.9298684000968933
1,0.9989080429077148
1,0.8843627572059631
1,0.8596593737602234
1,0.9907047152519226
1,0.9999841451644897
1,0.8841593861579895
1,0.6352667808532715
0,0.1611747294664383
1,0.8206084370613098
1,0.8715677857398987
1,0.9604156017303467
1,1.0
1,1.0
0,0.11000756174325943
0,0.09764641523361206
1,0.696715235710144
0,0.11640683561563492
0,0.3721196949481964
1,1.0
0,0.23533491790294647
0,0.10035183280706406
1,0.9999998807907104
1,0.5446993708610535
1,0.945942759513855
0,0.2824637293815613
0,0.28138667345046997
0,0.17756181955337524
1,0.9999651908874512
1,0.47547101974487305
0,0.9361897110939026
1,0.7612376809120178
1,0.9999496936798096
0,0.0957956537604332
0,0.11030054837465286
1,0.8762811422348022
1,0.9998732805252075
0,0.9659398198127747
1,0.4538194239139557
1,0.9999884366989136
1,0.9999969005584717
1,0.8763702511787415
1,1.0
0,0.16023607552051544
1,0.8983801007270813
1,1.0
0,0.11556396633386612
1,1.0
1,1.0
0,0.11549889296293259
0,0.18345612287521362
1,0.8518266081809998
1,0.6792641878128052
1,0.7709043025970459
0,0.12625233829021454
0,0.9846416115760803
0,0.14031648635864258
1,1.0
1,0.6035605669021606
1,1.0
1,0.9037175178527832
0,0.9905354380607605
1,0.9215551614761353
1,0.9996206760406494
1,0.8121822476387024
1,0.9999942779541016
1,0.7672586441040039
1,0.7540122270584106
1,0.9742732048034668
1,1.0
1,0.9971665740013123
0,0.1705739051103592
1,0.9999979734420776
0,0.43464189767837524
1,0.9999949932098389
1,0.5476087927818298
1,0.9999756813049316
0,0.11754924803972244
1,1.0
0,0.09986688941717148
1,0.9999744892120361
0,0.11554054915904999
1,1.0
1,0.4477453827857971
1,0.799403190612793
1,1.0
0,0.11266274005174637
1,0.9548429846763611
1,0.9999998807907104
1,0.48945409059524536
1,0.999822199344635
0,0.10252593457698822
1,0.9999995231628418
0,0.1795554906129837
0,0.15582868456840515
0,0.14279957115650177
1,0.6030331254005432
0,0.1305360049009323
1,0.9269168972969055
1,0.8266741633415222
1,1.0
1,0.5567025542259216
1,0.6974936127662659
1,0.9999551773071289
1,0.9697954058647156
1,0.9997605681419373
0,0.3491958677768707
0,0.14716975390911102
1,1.0
1,0.8673521280288696
0,0.1002737432718277
0,0.3061548173427582
0,0.9785799980163574
0,0.09906281530857086
1,0.9551429748535156
1,0.9528140425682068
0,0.10248658061027527
1,0.9530059695243835
1,1.0
1,1.0
0,0.15543381869792938
1,0.9914895296096802
1,0.9852028489112854
0,0.09756600111722946
1,0.9999995231628418
1,0.9705669283866882
0,0.09635599702596664
1,0.7188816666603088
1,1.0
1,0.5398024320602417
0,0.12000974267721176
0,0.11830056458711624
0,0.13579529523849487
0,0.11684175580739975
1,0.9999334812164307
0,0.14724336564540863
0,0.24174679815769196
1,0.8539771437644958
1,0.23974591493606567
1,1.0
0,0.11503848433494568
1,0.40887656807899475
1,0.771068274974823
0,0.2381775677204132
1,1.0
1,0.5498071908950806
1,0.9996086955070496
1,0.9999979734420776
0,0.12345441430807114
1,0.9275280237197876
1,0.9530037641525269
1,0.7338548898696899
1,0.7924607992172241
1,0.9999818801879883
1,0.9999183416366577
1,0.9057092070579529
1,0.9999994039535522
0,0.13048849999904633
0,0.3019651770591736
1,0.9996858835220337
0,0.2164679616689682
1,1.0
0,0.21758103370666504
0,0.9936953186988831
1,0.9998370409011841
1,1.0
0,0.9270791411399841
1,0.9999963045120239
1,0.4582518935203552
1,0.9815300107002258
1,0.8951473236083984
0,0.13742460310459137
0,0.1164160743355751
0,0.11383326351642609
1,0.999911904335022
1,0.9998670816421509
0,0.2575799226760864
0,0.10909996181726456
1,0.9133260846138
1,0.971922755241394
1,1.0
0,0.27970167994499207
1,0.9122011065483093
1,0.9999995231628418
0,0.14256690442562103
1,1.0
0,0.2825264036655426
1,0.866704523563385
1,0.64238440990448
1,0.929277241230011
0,0.123830646276474
0,0.9872854351997375
1,0.9899716377258301
1,1.0
1,1.0
1,0.9982038736343384
1,0.9999998807907104
1,1.0
0,0.28389307856559753
1,0.9899148941040039
1,1.0
1,0.9657384753227234
0,0.17288362979888916
0,0.12962087988853455
0,0.17802093923091888
0,0.28836262226104736
0,0.17299917340278625
1,0.8838872313499451
1,0.9999223947525024
1,0.8984642624855042
1,1.0
0,0.2044866383075714
0,0.1134275496006012
1,0.9999998807907104
1,0.9915482401847839
1,0.9999939203262329
1,0.380918949842453
1,0.5165747404098511
0,0.9943286776542664
0,0.12758976221084595
1,0.46952053904533386
1,0.9899672269821167
1,1.0
1,0.999998927116394
1,1.0
1,0.9999964237213135
0,0.1404179036617279
1,0.9998216032981873
0,0.2461395114660263
1,0.9892492294311523
1,0.6876654624938965
0,0.23274675011634827
1,0.49529749155044556
1,0.999998927116394
1,0.6464720368385315
0,0.230894535779953
0,0.25335466861724854
1,1.0
0,0.26359429955482483
0,0.27490749955177307
1,0.9999997615814209
1,0.998656153678894
1,0.9999984502792358
0,0.11251701414585114
0,0.15347068011760712
0,0.13159191608428955
1,1.0
0,0.10308531671762466
0,0.11947503685951233
1,0.5377984046936035
1,0.9999998807907104
1,0.8599059581756592
0,0.5996514558792114
0,0.32870158553123474
1,0.8773754835128784
1,0.9809963703155518
0,0.17419230937957764
1,0.9999984502792358
1,0.9999996423721313
0,0.191729336977005
1,0.9999933242797852
1,0.4185710847377777
1,0.8881202340126038
1,0.9751894474029541
0,0.09226147085428238
0,0.19259390234947205
1,0.7850409746170044
1,0.5760585069656372
0,0.14284662902355194
0,0.20672138035297394
0,0.13951605558395386
0,0.10025256127119064
1,0.9414700269699097
0,0.09882061183452606
1,0.9746509194374084
1,0.9999992847442627
1,1.0
1,0.9996869564056396
1,0.9999995231628418
1,0.7996236681938171
0,0.23983009159564972
1,1.0
0,0.9649991989135742
0,0.9868725538253784
1,0.9999996423721313
1,1.0
0,0.09652774780988693
1,1.0
0,0.12982177734375
0,0.14320583641529083
1,0.7847023010253906
1,0.8819799423217773
0,0.09980719536542892
1,1.0
1,1.0
1,0.95302414894104
0,0.27490299940109253
1,0.5289270281791687
1,0.9400265216827393
0,0.11822210997343063
1,0.9999985694885254
0,0.09204135090112686
0,0.8692655563354492
1,0.6572065949440002
1,0.7214672565460205
1,1.0
0,0.2888176143169403
1,0.8468428254127502
0,0.2576600909233093
1,0.9266418814659119
0,0.34669068455696106
1,1.0
1,0.7416866421699524
1,1.0
1,1.0
1,0.9950476884841919
0,0.09485846757888794
1,0.757247269153595
1,0.9999871253967285
1,0.9940773248672485
0,0.9904295206069946
1,0.9987795948982239
1,0.7797514796257019
1,0.9988300204277039
0,0.9783445596694946
0,0.2579089105129242
1,1.0
0,0.9891964197158813
0,0.3202369809150696
1,1.0
0,0.18707610666751862
0,0.09552935510873795
1,0.9999991655349731
1,1.0
1,0.991204559803009
1,0.3253518342971802
1,0.6755146384239197
0,0.10858896374702454
0,0.1277710348367691
1,0.3806995153427124
0,0.09852144122123718
1,0.848777174949646
1,0.5995673537254333
0,0.12135118991136551
0,0.18903322517871857
0,0.38642919063568115
1,1.0
1,0.9999998807907104
1,0.6808633208274841
0,0.11287929862737656
0,0.15842528641223907
1,0.9999997615814209
0,0.10018765181303024
0,0.18721270561218262
1,1.0
0,0.14777447283267975
1,0.394232839345932
1,0.9208114743232727
1,0.9221067428588867
0,0.2158907949924469
1,0.9693484902381897
1,0.7176999449729919
1,0.4280794858932495
0,0.09734666347503662
1,0.8234851956367493
1,0.9993438124656677
0,0.1294315755367279
1,0.7543684244155884
1,0.7662855386734009
1,0.3971691429615021
0,0.11575423181056976
0,0.1480836421251297
1,0.9707865118980408
0,0.1054212749004364
1,1.0
0,0.10128357261419296
1,0.9999998807907104
1,1.0
1,0.47891899943351746
0,0.2024233043193817
0,0.11887816339731216
1,0.8745781183242798
1,0.6798795461654663
0,0.18875721096992493
0,0.12123958766460419
0,0.29474130272865295
1,0.9393109083175659
1,0.9430279731750488
1,1.0
1,0.749609112739563
1,0.5358269214630127
0,0.30417582392692566
1,0.9999986886978149
0,0.12853266298770905
0,0.260656476020813
0,0.15816333889961243
1,0.5683693289756775
0,0.280094176530838
1,1.0
0,0.12350327521562576
1,1.0
1,0.9997885823249817
1,0.8360586762428284
0,0.09604720026254654
1,1.0
0,0.9820610284805298
1,0.8943214416503906
0,0.1526627093553543
1,0.9934554696083069
0,0.988444447517395
0,0.23833927512168884
1,1.0
1,0.9656643271446228
0,0.1835794299840927
1,0.9997004270553589
0,0.3748544156551361
0,0.16902583837509155
1,1.0
1,0.9256644248962402
1,0.9997931122779846
1,0.9999861717224121
1,0.7338207364082336
1,0.9656640887260437
0,0.15794077515602112
0,0.09295448660850525
1,0.8587431311607361
0,0.201947420835495
1,0.9999998807907104
0,0.18780215084552765
1,0.6463319659233093
1,0.9980564713478088
1,0.934802770614624
0,0.11866991221904755
1,0.9999997615814209
1,0.9901472926139832
1,0.4740275740623474
1,0.9048159122467041
1,1.0
0,0.9719884991645813
1,0.6084581613540649
0,0.10932434350252151
1,0.5276798009872437
1,1.0
1,0.9931968450546265
1,0.9999756813049316
0,0.0973033532500267
0,0.3307757079601288
0,0.19967857003211975
1,0.4945371448993683
0,0.13076230883598328
1,1.0
1,0.9676908254623413
0,0.15013672411441803
1,0.5954246520996094
0,0.17027315497398376
1,0.9999995231628418
1,1.0
0,0.11208595335483551
0,0.2655823826789856
1,0.9849359393119812
0,0.9818891286849976
0,0.14499010145664215
1,0.9084649085998535
0,0.2402227222919464
0,0.14978572726249695
1,1.0
0,0.19784370064735413
0,0.14546890556812286
0,0.1572781205177307
0,0.237691268324852
1,0.9993933439254761
0,0.9655791521072388
1,0.9999459981918335
1,1.0
1,0.37787118554115295
0,0.13406087458133698
0,0.34140661358833313
0,0.19285942614078522
1,1.0
0,0.42702382802963257
1,0.971583902835846
0,0.12466052174568176
1,0.6640750765800476
1,1.0
1,0.9973350167274475
1,0.37018635869026184
1,0.8872442841529846
0,0.2113208770751953
1,0.7059397101402283
1,0.9975743889808655
0,0.1788482666015625
1,0.9998706579208374
1,0.9999997615814209
1,0.7812792062759399
0,0.2045208215713501
1,0.9999991655349731
1,0.9973236322402954
0,0.18430554866790771
1,0.9516717791557312
0,0.10879553109407425
0,0.13832715153694153
0,0.0888899713754654
0,0.12313791364431381
1,0.6795640587806702
1,0.999996542930603
1,0.7354094982147217
1,0.5023583769798279
1,0.9965469241142273
1,1.0
1,1.0
0,0.11093693226575851
1,0.8023677468299866
1,0.8012995719909668
1,1.0
1,1.0
1,1.0
1,0.5558111071586609
1,0.9790728688240051
0,0.14792484045028687
1,1.0
1,0.9315142631530762
0,0.19855819642543793
1,0.9999291896820068
1,0.930096447467804
0,0.9865824580192566
0,0.2093852162361145
0,0.10830490291118622
0,0.19483831524848938
0,0.21683332324028015
1,0.9999935626983643
1,0.9999129772186279
0,0.1955300271511078
1,1.0
0,0.12106064707040787
0,0.2380256950855255
0,0.1168995127081871
0,0.10703413188457489
1,1.0
0,0.2613173723220825
1,0.9968241453170776
1,0.9533525109291077
1,0.5661822557449341
0,0.10394261032342911
1,1.0
1,1.0
1,0.9999854564666748
0,0.13477012515068054
1,0.9548032283782959
1,0.3559519648551941
1,1.0
0,0.20080073177814484
1,0.9997383952140808
1,0.9971855282783508
1,0.4003556966781616
0,0.12948793172836304
0,0.11140147596597672
0,0.11020594090223312
0,0.11029324680566788
0,0.21726597845554352
1,0.36116158962249756
0,0.09980443120002747
0,0.11374219506978989
1,1.0
0,0.9766645431518555
1,0.3479537069797516
1,1.0
1,0.9980104565620422
1,0.9967173933982849
1,0.8493049740791321
0,0.1310061812400818
1,0.9999998807907104
0,0.13465771079063416
0,0.18117399513721466
0,0.19472643733024597
1,1.0
1,1.0
0,0.11778450757265091
1,1.0
0,0.146529421210289
0,0.15388058125972748
0,0.1260402649641037
1,0.8148398399353027
0,0.09312936663627625
0,0.11383409053087234
1,0.8807871341705322
0,0.12709572911262512
1,0.411497563123703
1,0.7325339317321777
1,0.9334709644317627
1,0.9938796758651733
1,0.9079336524009705
1,0.6715360879898071
0,0.10863012820482254
0,0.09732919931411743
1,0.7861786484718323
1,0.6763417720794678
1,0.9967226386070251
0,0.10189395397901535
0,0.11307569593191147
1,0.9865673780441284
1,0.5195620656013489
1,0.9553795456886292
1,0.9043362736701965
1,0.676858127117157
1,0.7451028227806091
1,0.8901374340057373
1,0.9790632724761963
0,0.9514552354812622
0,0.2255496382713318
1,1.0
1,0.6877444386482239
1,0.8676665425300598
1,1.0
1,0.62027907371521
1,0.9507521390914917
1,0.6232882142066956
1,0.4300783574581146
1,0.7093099355697632
0,0.10162709653377533
1,0.9931724667549133
1,0.999933123588562
1,0.7582268714904785
1,0.97187739610672
1,0.9999980926513672
1,0.9972745776176453
1,0.9556676745414734
0,0.25418737530708313
1,1.0
0,0.19337978959083557
0,0.2781292796134949
1,1.0
1,0.9631076455116272
1,0.9493911862373352
0,0.1335090845823288
1,0.6667464971542358
1,0.9027062058448792
0,0.23217903077602386
1,0.39391854405403137
1,0.7783980965614319
1,0.9984837174415588
0,0.16808082163333893
0,0.1314609944820404
0,0.18651308119297028
1,0.9879354238510132
1,0.4604645073413849
1,0.6992586851119995
1,1.0
1,0.9235329031944275
0,0.1187969222664833
0,0.16877596080303192
1,0.5297706127166748
1,0.999997615814209
1,1.0
1,0.9990724325180054
0,0.12429288029670715
0,0.2088875025510788
1,0.9999451637268066
0,0.1323554664850235
1,0.9999905824661255
0,0.21046680212020874
1,0.42930805683135986
1,1.0
1,0.998969316482544
1,0.9978694915771484
1,0.8789836168289185
1,0.7243775725364685
0,0.16221044957637787
1,0.5330976247787476
1,1.0
0,0.14851605892181396
0,0.1271781474351883
1,0.9858232736587524
0,0.29416850209236145
0,0.11032340675592422
1,0.9940589666366577
0,0.982546865940094
1,0.9999967813491821
1,0.9993748068809509
1,0.7829861044883728
1,1.0
0,0.15080584585666656
0,0.9560624957084656
1,0.9030762910842896
1,0.5858452320098877
0,0.21900445222854614
1,0.9398967623710632
1,1.0
1,0.7971525192260742
1,0.8465679287910461
1,0.5912018418312073
1,0.9999988079071045
1,1.0
1,0.9989128112792969
1,1.0
0,0.11573441326618195
0,0.26431435346603394
0,0.20165568590164185
1,0.7138100266456604
0,0.12441587448120117
1,0.9950887560844421
1,0.9999984502792358
1,0.9583849310874939
0,0.10518757253885269
1,0.9433797001838684
1,0.9437735080718994
0,0.15110202133655548
1,0.81325364112854
1,0.9999178647994995
1,0.9999995231628418
1,0.996025800704956
0,0.19530637562274933
0,0.11116812378168106
1,1.0
0,0.13292433321475983
1,0.7513155341148376
1,1.0
1,0.6862452626228333
0,0.20819266140460968
1,0.9999998807907104
0,0.2327527403831482
1,0.5973549485206604
0,0.9861263632774353
1,0.6565231680870056
1,0.9793713092803955
0,0.1132262796163559
0,0.09839237481355667
1,0.7581953406333923
0,0.1393408477306366
1,0.40837424993515015
0,0.17641903460025787
0,0.24738699197769165
1,0.8318861126899719
1,0.9999862909317017
1,0.9437755942344666
1,0.8176078796386719
1,1.0
0,0.17873771488666534
1,0.9985557198524475
1,0.9641379117965698
1,1.0
0,0.15690529346466064
1,1.0
1,0.5819489359855652
1,0.9146206378936768
0,0.35277414321899414
0,0.1096806526184082
1,0.9905423521995544
0,0.14452293515205383
0,0.22492696344852448
1,0.9817812442779541
0,0.2541419267654419
1,0.6586823463439941
1,0.6156641840934753
1,1.0
1,0.9980556964874268
0,0.29444873332977295
0,0.9753214120864868
1,0.8576485514640808
1,0.9251521229743958
1,1.0
0,0.18309558928012848
1,1.0
0,0.10704424977302551
1,1.0
1,0.9285057783126831
1,0.945584774017334
1,0.9971386194229126
0,0.22018688917160034
1,0.9307501316070557
1,0.9366333484649658
0,0.09560525417327881
1,0.5153430104255676
1,0.9396030902862549
1,0.281325101852417
1,0.8789027333259583
1,0.5799214839935303
0,0.24742087721824646
1,0.9438021779060364
1,1.0
0,0.20335698127746582
1,0.9999785423278809
1,0.8667262196540833
0,0.20386727154254913
1,0.6474353075027466
0,0.11410155892372131
1,0.5602737069129944
1,0.8729979991912842
0,0.12559649348258972
0,0.09358387440443039
0,0.15340949594974518
1,1.0
1,0.9999967813491821
1,0.9997158646583557
1,0.9237064719200134
1,0.9990548491477966
1,1.0
0,0.22347991168498993
1,0.9946255087852478
1,0.9999649524688721
1,1.0
1,0.7145987749099731
1,1.0
1,1.0
0,0.11263996362686157
0,0.13019181787967682
1,0.6708846688270569
0,0.27995020151138306
1,0.748627781867981
0,0.19261902570724487
1,0.7552202939987183
1,0.9634597301483154
0,0.09674331545829773
1,0.9961203336715698
1,0.9870059490203857
1,0.44343841075897217
1,0.9999914169311523
0,0.1437745988368988
1,0.9252414107322693
1,0.8565918803215027
0,0.16868945956230164
1,0.37816107273101807
1,1.0
1,0.9644432663917542
0,0.12358787655830383
1,0.8521615862846375
0,0.1409379541873932
1,0.9998997449874878
0,0.3276156187057495
1,0.9804876446723938
0,0.20386254787445068
1,0.9750308990478516
1,0.9259728193283081
1,0.943288266658783
1,0.9943296909332275
0,0.14904530346393585
0,0.29636839032173157
1,0.6773897409439087
0,0.1294785439968109
0,0.9966078996658325
0,0.09737459570169449
1,0.7097904682159424
1,0.8034241795539856
1,0.9912704229354858
1,1.0
0,0.1077226772904396
1,0.39888185262680054
0,0.2546934485435486
1,0.9066535234451294
0,0.16489489376544952
0,0.14302919805049896
1,1.0
0,0.2828337848186493
0,0.12747471034526825
1,0.987078070640564
0,0.10699735581874847
1,0.3055517375469208
1,0.9988483190536499
0,0.9830527305603027
1,0.9991711378097534
0,0.1488201916217804
0,0.2269950807094574
0,0.2463606595993042
1,0.579940676689148
1,0.9537742137908936
1,0.9996960163116455
1,0.9223478436470032
1,0.8895168304443359
1,0.8833158016204834
0,0.29561516642570496
1,1.0
0,0.09846101701259613
1,0.999774158000946
0,0.18020795285701752
1,0.530668318271637
0,0.9662110805511475
0,0.15671421587467194
1,0.6094907522201538
0,0.9238459467887878
0,0.10754997283220291
0,0.3923046588897705
1,0.9999971389770508
1,0.9696552753448486
1,0.8918509483337402
0,0.18676599860191345
1,0.9481150507926941
0,0.08274168521165848
1,0.9999998807907104
1,0.9999788999557495
0,0.11943527311086655
1,0.6863300204277039
0,0.21141642332077026
1,0.9841901659965515
0,0.19492195546627045
1,1.0
0,0.09562397748231888
1,0.999997615814209
1,1.0
1,0.6399608254432678
0,0.12282925099134445
1,0.9999998807907104
0,0.9886306524276733
1,0.9999995231628418
1,1.0
0,0.12811718881130219
1,0.7266749739646912
1,0.7095520496368408
1,1.0
0,0.09533805400133133
0,0.11260595917701721
1,0.9976052045822144
1,1.0
1,0.9989659786224365
0,0.22712233662605286
0,0.10200890153646469
1,0.9999947547912598
0,0.9875568151473999
1,0.9998292922973633
1,1.0
0,0.09255697578191757
0,0.9754909873008728
0,0.09313561022281647
1,0.6420968770980835
0,0.10476160794496536
1,0.9869198799133301
0,0.10183820128440857
0,0.16512742638587952
0,0.09277024120092392
1,0.9998419284820557
0,0.11936312168836594
1,0.999640941619873
1,1.0
1,0.49688899517059326
0,0.9794156551361084
0,0.9630475044250488
1,0.9999983310699463
0,0.20947252213954926
0,0.23408864438533783
1,0.9120327234268188
0,0.2041424959897995
0,0.16777849197387695
1,0.38538658618927
1,0.8602527976036072
0,0.9928733110427856
1,0.5762038826942444
0,0.10047142207622528
1,1.0
0,0.1731729805469513
1,0.9997609257698059
0,0.29399269819259644
0,0.34062594175338745
1,0.9971176385879517
1,0.8521896600723267
1,1.0
0,0.9583953022956848
1,0.9532471299171448
0,0.20499663054943085
1,0.9999997615814209
0,0.22154827415943146
1,0.9587811231613159
1,0.9275725483894348
0,0.2849026918411255
1,0.6177022457122803
0,0.19031460583209991
1,0.5479009747505188
1,0.8108530640602112
1,0.8133821487426758
0,0.12149324268102646
0,0.20667211711406708
1,0.9967156648635864
1,0.9999998807907104
0,0.11414214968681335
1,0.8448261022567749
0,0.971476137638092
0,0.09663183987140656
0,0.30079299211502075
0,0.20987865328788757
1,1.0
1,1.0
1,0.9999978542327881
0,0.09306595474481583
0,0.10653379559516907
0,0.32311320304870605
1,0.9949996471405029
0,0.9890907406806946
0,0.12982533872127533
1,0.98731529712677
0,0.17893648147583008
0,0.26776474714279175
0,0.09305265545845032
1,0.9994482398033142
0,0.1067744717001915
0,0.17899776995182037
0,0.20485436916351318
0,0.14559832215309143
1,0.9999992847442627
1,0.4701497256755829
1,0.9999998807907104
1,1.0
1,0.9024651646614075
0,0.37036800384521484
1,0.9999911785125732
1,1.0
1,0.9891224503517151
1,0.8726848363876343
1,0.914675235748291
1,0.9374125003814697
0,0.09468046575784683
0,0.2743937373161316
1,1.0
0,0.358675479888916
1,0.8852103352546692
0,0.271412193775177
1,1.0
1,1.0
1,1.0
1,1.0
1,0.9463594555854797
0,0.32051536440849304
0,0.10377516597509384
1,0.9972472786903381
1,0.9539790749549866
0,0.2091989666223526
1,0.6991701126098633
0,0.24670934677124023
0,0.11377494037151337
1,1.0
1,0.6650116443634033
0,0.1285010278224945
1,0.716072142124176
1,0.9999982118606567
0,0.9780162572860718
1,1.0
0,0.31079545617103577
1,0.3128008544445038
1,0.7515738010406494
1,0.8660896420478821
0,0.23621156811714172
1,0.9356464147567749
1,0.5890620946884155
0,0.13029862940311432
1,0.8982464075088501
1,0.999993085861206
0,0.12111004441976547
1,1.0
1,1.0
1,0.9642767310142517
1,0.9895232319831848
1,0.9187551736831665
1,0.9381133913993835
0,0.13747672736644745
0,0.18390260636806488
1,0.9999983310699463
1,0.9998836517333984
1,0.5667701959609985
1,0.9596366286277771
0,0.1608441174030304
1,1.0
0,0.09928320348262787
1,0.9979923963546753
0,0.22487281262874603
0,0.15740256011486053
1,0.8315870761871338
0,0.10697006434202194
1,0.9603861570358276
1,0.8874771595001221
0,0.11198822408914566
0,0.18347494304180145
1,0.8633050322532654
0,0.09536151587963104
1,0.8735061287879944
1,0.9031987190246582
0,0.13813471794128418
1,0.9118061065673828
0,0.14546221494674683
1,1.0
1,0.9998856782913208
0,0.3608729839324951
1,0.9993114471435547
1,0.8465967178344727
1,0.9999877214431763
0,0.2481977939605713
1,0.5718116164207458
1,0.9998170733451843
1,1.0
1,0.9906678795814514
1,0.9988763928413391
1,0.558924674987793
1,0.9777257442474365
0,0.2703251540660858
0,0.13924995064735413
1,0.5698407888412476
0,0.11152289807796478
0,0.09059073776006699
1,1.0
1,0.6575536727905273
1,0.5580406188964844
0,0.3016854524612427
1,0.9999991655349731
1,0.9991713762283325
1,1.0
0,0.09829040616750717
0,0.23423579335212708
0,0.12669770419597626
1,1.0
1,0.9078324437141418
1,0.9194252490997314
1,0.846489429473877
0,0.1815376728773117
1,0.7202935814857483
1,1.0
1,0.34272027015686035
0,0.12826481461524963
1,0.38709473609924316
1,0.9996036887168884
0,0.10039092600345612
1,0.8401919007301331
1,0.84016352891922
0,0.12749579548835754
0,0.246113583445549
0,0.1432967483997345
1,0.995806097984314
0,0.15047940611839294
0,0.15357427299022675
1,1.0
1,0.3781134784221649
0,0.12305993586778641
1,0.7367910742759705
1,0.9999997615814209
0,0.10327902436256409
1,1.0
0,0.24781545996665955
0,0.9938499331474304
1,0.6200196146965027
1,0.7069947719573975
0,0.10242609679698944
1,0.7354072332382202
0,0.40043526887893677
1,1.0
0,0.18409369885921478
1,0.7933322787284851
0,0.09565725922584534
0,0.32263317704200745
0,0.16934452950954437
0,0.33122944831848145
0,0.126994326710701
1,0.45959776639938354
1,0.9423803091049194
0,0.14111445844173431
1,0.9528020024299622
1,0.9994876384735107
1,0.9138429760932922
0,0.10416519641876221
1,0.9999934434890747
0,0.3483906090259552
0,0.2680831253528595
0,0.14482663571834564
1,0.857906699180603
0,0.12415901571512222
1,1.0
0,0.17626674473285675
1,0.9999994039535522
0,0.16021794080734253
0,0.34666264057159424
0,0.952097475528717
0,0.11506976187229156
1,0.5890002250671387
1,0.9991471767425537
0,0.12120458483695984
1,0.9998019337654114
0,0.1312837451696396
1,0.9748681783676147
1,0.7458882331848145
1,0.9999996423721313
0,0.21375615894794464
0,0.9864383935928345
1,0.7340555787086487
0,0.12080956250429153
0,0.14024664461612701
0,0.2466178983449936
0,0.21483317017555237
0,0.9413616061210632
1,0.9999998807907104
0,0.2336656153202057
0,0.12751701474189758
1,0.9999898672103882
0,0.21629761159420013
1,0.9999967813491821
1,1.0
1,0.9950312376022339
1,0.72846919298172
1,0.8294949531555176
0,0.13844802975654602
1,0.6423236131668091
1,0.9999696016311646
0,0.11373002082109451
1,0.7047907114028931
0,0.9637043476104736
0,0.10723362118005753
0,0.10305701941251755
1,0.9164869785308838
1,0.45656806230545044
1,0.6855716705322266
0,0.34510836005210876
0,0.21372628211975098
0,0.2519124150276184
1,1.0
0,0.9973445534706116
1,0.9999967813491821
1,0.457072377204895
1,0.9137101769447327
0,0.11395350843667984
0,0.20880423486232758
1,1.0
0,0.19964861869812012
0,0.10230733454227448
0,0.21371857821941376
0,0.0934135690331459
1,0.7967561483383179
1,1.0
0,0.19333358108997345
1,1.0
0,0.11254435777664185
1,1.0
0,0.16722480952739716
1,0.929828941822052
1,0.9998340606689453
0,0.1031731516122818
1,0.6601035594940186
1,0.790596604347229
1,1.0
0,0.10899372398853302
0,0.24254603683948517
1,0.7111122608184814
1,0.4868117570877075
1,0.913593590259552
0,0.09843415021896362
1,1.0
1,1.0
1,1.0
1,1.0
1,0.41853591799736023
0,0.10577183961868286
0,0.2654501497745514
0,0.09874029457569122
1,0.4868263602256775
1,0.4500161111354828
0,0.1359996199607849
1,0.9987780451774597
1,0.459867924451828
1,0.24732500314712524
0,0.20344215631484985
1,0.8533682227134705
0,0.09639407694339752
1,0.8615427017211914
1,0.9384865164756775
0,0.9812045097351074
0,0.13138361275196075
1,1.0
1,0.8210363388061523
0,0.10352818667888641
0,0.22440560162067413
0,0.1748378872871399
1,0.6137651205062866
1,0.9839149713516235
0,0.9190195202827454
0,0.17961464822292328
0,0.2658677101135254
1,0.8221368193626404
1,0.5674585103988647
1,0.8311573266983032
1,0.9982560276985168
0,0.9616511464118958
1,0.9556592702865601
1,0.9999774694442749
0,0.1598745882511139
0,0.9564762711524963
1,0.8555999398231506
0,0.25636178255081177
1,0.9999988079071045
1,0.9925937056541443
0,0.16416771709918976
0,0.10410754382610321
0,0.17029404640197754
1,1.0
1,0.9996434450149536
1,0.9999998807907104
1,0.9999985694885254
1,1.0
1,0.8400676250457764
0,0.11038016527891159
0,0.11455070972442627
0,0.28847983479499817
1,0.9999853372573853
0,0.09808516502380371
0,0.12509842216968536
1,0.991041362285614
1,0.9992744326591492
0,0.09352749586105347
0,0.10813283175230026
0,0.2154969573020935
1,0.9987939596176147
1,1.0
0,0.9905967712402344
1,0.9239792227745056
0,0.2013971358537674
1,0.9841604828834534
1,0.999998927116394
0,0.21000471711158752
1,1.0
0,0.15677909553050995
1,0.9999998807907104
1,0.5846883058547974
1,0.8437976241111755
0,0.12339859455823898
0,0.12068267166614532
1,1.0
0,0.9933591485023499
0,0.3434202969074249
0,0.182630255818367
0,0.11462622880935669
1,0.9952651262283325
0,0.09618502855300903
1,0.8608242273330688
1,0.7734128832817078
1,0.8719466328620911
1,0.4815289080142975
0,0.11248843371868134
1,0.9683874845504761
1,0.9784441590309143
1,0.9145005345344543
1,0.9998316764831543
1,0.6834617853164673
0,0.10420399904251099
1,1.0
1,0.8678808212280273
0,0.09839975088834763
1,0.8407569527626038
1,0.9999996423721313
1,0.4124014973640442
1,0.9999996423721313
1,0.9998354911804199
1,1.0
1,0.9999996423721313
0,0.1253659576177597
1,0.6710293889045715
1,0.9948148131370544
0,0.15256820619106293
0,0.21431316435337067
0,0.3091208338737488
1,0.7333168983459473
1,1.0
1,1.0
0,0.10617444664239883
0,0.09324948489665985
0,0.1271129697561264
0,0.18321198225021362
1,0.9228179454803467
1,0.6273617148399353
0,0.2486170530319214
1,0.9999979734420776
0,0.11664815992116928
1,1.0
1,0.9210370182991028
1,0.9913695454597473
0,0.11594041436910629
1,1.0
1,0.9583647847175598
1,0.9999974966049194
0,0.3171936869621277
0,0.16907884180545807
0,0.11761747300624847
1,0.9999393224716187
0,0.14454229176044464
1,1.0
1,1.0
1,0.9999998807907104
1,1.0
1,0.7999814748764038
0,0.22468245029449463
1,0.9800776243209839
0,0.18104316294193268
1,0.9999474287033081
1,0.8139094114303589
1,0.5282960534095764
0,0.9516560435295105
0,0.3084656298160553
1,0.9958106279373169
0,0.21545879542827606
0,0.26414892077445984
1,1.0
1,0.6475017666816711
1,0.9993752837181091
1,1.0
1,1.0
1,1.0
1,0.8882390856742859
1,1.0
1,1.0
0,0.23050573468208313
1,1.0
1,1.0
1,0.9398013949394226
1,0.7550048232078552
1,0.4037739038467407
1,0.9054783582687378
0,0.9956988096237183
1,0.857133686542511
1,0.6335363984107971
0,0.14546093344688416
1,0.6276925206184387
0,0.10170344263315201
1,0.8524139523506165
0,0.12616391479969025
1,0.9999998807907104
0,0.12269075214862823
1,0.9856173396110535
1,1.0
0,0.1294906884431839
1,0.3449500799179077
1,0.5686509609222412
0,0.11984682083129883
1,0.9999723434448242
1,1.0
1,0.8315054774284363
1,0.9351106286048889
1,1.0
1,1.0
1,0.8589231967926025
0,0.14761313796043396
1,1.0
0,0.09776925295591354
1,0.9936052560806274
1,1.0
0,0.11822675168514252
1,0.7840036749839783
1,1.0
1,0.40634873509407043
1,0.4458746314048767
1,0.5906790494918823
1,0.7230677604675293
1,0.9975947737693787
0,0.09660071134567261
1,0.7198648452758789
1,0.9999852180480957
1,0.9999998807907104
1,0.9850489497184753
0,0.10411007702350616
0,0.09790127724409103
1,0.8651698231697083
1,0.9999755620956421
1,0.9620230197906494
1,0.8164535760879517
0,0.17746703326702118
0,0.1536058932542801
1,1.0
1,0.7515899538993835
0,0.10660327970981598
0,0.1719900518655777
0,0.09626802802085876
0,0.11361096054315567
1,0.7380889058113098
1,1.0
1,0.7699775099754333
1,0.5564460754394531
1,0.9141413569450378
1,1.0
1,0.9998563528060913
1,1.0
0,0.20579040050506592
1,1.0
0,0.4428960084915161
