label,prediction
1,0.6501349210739136
1,0.5899254083633423
0,0.4956530034542084
0,0.3704454302787781
0,0.539863646030426
1,0.9980518817901611
0,0.5081258416175842
0,0.40578922629356384
0,0.5174423456192017
1,0.5390902161598206
1,0.6293993592262268
1,0.9999997615814209
1,0.9729191064834595
0,0.3600212633609772
0,0.5132797956466675
1,0.6898080706596375
0,0.36087238788604736
1,0.635949432849884
1,0.9891146421432495
1,0.5468642115592957
1,0.48737189173698425
0,0.417590469121933
1,0.9979167580604553
0,0.37418514490127563
1,0.9726544618606567
1,0.6248847842216492
0,0.35556212067604065
1,0.6208041906356812
0,0.5243708491325378
1,0.7680330872535706
0,0.41278374195098877
1,0.5802872180938721
1,0.8890568614006042
0,0.42186692357063293
1,0.9862521290779114
0,0.3774162828922272
0,0.4314590394496918
1,0.9736941456794739
1,0.6280298829078674
1,0.6528614163398743
0,0.3308665454387665
1,0.9986298084259033
0,0.36831873655319214
0,0.07464899122714996
1,0.5144727230072021
1,0.6477012038230896
1,0.9976457953453064
1,0.9952109456062317
0,0.4111577272415161
1,0.9972885847091675
0,0.42458710074424744
1,0.9960953593254089
1,0.6421045064926147
1,0.9999991655349731
1,0.9882043600082397
1,0.7622647285461426
1,0.7051527500152588
1,0.9730706810951233
1,0.7378162741661072
1,0.502886176109314
0,0.41277527809143066
0,0.42302656173706055
0,0.40905651450157166
0,0.35492634773254395
0,0.4050411880016327
1,0.9960689544677734
1,0.9713439345359802
0,0.43412142992019653
0,0.2806752920150757
0,0.5245102643966675
0,0.5124315023422241
1,0.4713546931743622
0,0.43171289563179016
1,0.9985609650611877
0,0.41797009110450745
1,0.995832622051239
0,0.4071558713912964
1,0.5416490435600281
0,0.37906113266944885
1,0.9999996423721313
0,0.41447657346725464
0,0.4622017741203308
1,0.6997874975204468
1,0.9989308714866638
0,0.3527376353740692
1,0.9984713196754456
1,0.7563416361808777
1,0.9959725737571716
1,0.5948546528816223
1,0.999998927116394
1,0.7686908841133118
0,0.42263397574424744
1,0.9957349300384521
1,0.6375215649604797
0,0.24898761510849
1,0.996738851070404
0,0.4285566508769989
1,0.6133551597595215
1,0.679180920124054
1,0.998580813407898
0,0.29114511609077454
1,0.6535282731056213
1,0.997999370098114
1,0.9886993765830994
0,0.4145147204399109
1,0.9987842440605164
0,0.4942660331726074
0,0.3537081182003021
1,0.9985221028327942
1,0.9999991655349731
1,0.9875200986862183
1,0.5065186023712158
1,0.9726990461349487
0,0.40277454257011414
1,0.7025635838508606
1,0.9983338713645935
0,0.34916624426841736
1,0.9999997615814209
0,0.3578032851219177
1,0.641143262386322
1,0.9935103058815002
1,0.5075047612190247
0,0.3738589286804199
1,0.9982829093933105
1,0.7009979486465454
0,0.4884510636329651
1,0.9971733093261719
0,0.4014674723148346
1,0.9613264799118042
0,0.4110027849674225
1,0.7113578915596008
1,0.9986829161643982
1,0.5121471285820007
1,0.9963799118995667
0,0.3276626169681549
1,0.5802419781684875
0,0.3444531559944153
1,0.6018671989440918
0,0.39476636052131653
1,0.9676498770713806
0,0.28390923142433167
1,0.9966332316398621
1,0.9049601554870605
1,0.9979063272476196
1,0.6291775107383728
0,0.41581687331199646
1,0.9981034994125366
1,0.47674182057380676
0,0.4198377728462219
1,0.9709423780441284
0,0.4944690465927124
0,0.42256540060043335
0,0.2598673701286316
1,0.6038204431533813
0,0.4222469627857208
0,0.4041132926940918
0,0.3265226185321808
1,0.6427298784255981
1,0.6377385258674622
0,0.4067462682723999
0,0.3801029622554779
0,0.4988783895969391
0,0.3626815378665924
1,0.6306885480880737
1,0.606889009475708
0,0.41151708364486694
0,0.41008779406547546
1,0.7540596723556519
1,0.9961368441581726
1,0.9987320303916931
0,0.3643317222595215
1,0.5869800448417664
1,0.6582554578781128
1,0.9981422424316406
0,0.3852827847003937
1,0.9999996423721313
1,0.9824035167694092
1,0.63202303647995
0,0.46927347779273987
1,0.9962422847747803
1,0.9983822107315063
1,0.6382477283477783
0,0.3871346712112427
0,0.3348378539085388
0,0.26743075251579285
0,0.35884740948677063
1,0.997601330280304
1,0.9982579350471497
1,0.9949252605438232
0,0.3207709491252899
0,0.41946956515312195
1,0.7986372709274292
0,0.5456036329269409
0,0.5052109956741333
0,0.4128829836845398
1,0.6483568549156189
0,0.4338413178920746
1,0.9999996423721313
1,0.6047937870025635
0,0.41886433959007263
1,0.9701951742172241
1,0.9984692931175232
1,0.9970473647117615
0,0.3387592136859894
1,0.9961875081062317
0,0.3946712613105774
0,0.5007869005203247
1,0.9989239573478699
1,0.969147264957428
0,0.40745264291763306
1,0.6554281115531921
1,0.79861980676651
1,0.9871501922607422
1,0.6813550591468811
0,0.42564186453819275
1,0.9977644681930542
1,0.9983691573143005
1,0.9999991655349731
1,0.9955909252166748
1,0.427096962928772
1,0.9952111840248108
1,0.49972596764564514
1,0.9983252882957458
0,0.3460540175437927
0,0.41563060879707336
0,0.4224359393119812
1,0.5820185542106628
1,0.9999991655349731
1,0.9711853861808777
1,0.9955416321754456
0,0.41213560104370117
0,0.3384225070476532
1,0.7696546316146851
1,0.9964246153831482
1,0.9983037710189819
1,0.998525083065033
1,0.9810672998428345
1,0.9806005358695984
1,0.9990010857582092
0,0.36811792850494385
1,0.9959093332290649
0,0.35135704278945923
0,0.2223685085773468
0,0.3466821312904358
1,0.5816200971603394
1,0.9974722266197205
1,0.9978759288787842
1,0.9987892508506775
1,0.9980579018592834
1,0.9999997615814209
1,0.9974210262298584
1,0.5877708792686462
1,0.6049840450286865
1,0.6502015590667725
1,0.9963733553886414
1,0.5833494067192078
1,0.9889233112335205
0,0.5159971714019775
1,0.6752357482910156
0,0.357116162776947
1,0.9999994039535522
1,0.5508860349655151
0,0.31674617528915405
0,0.3943973183631897
1,0.9966745376586914
0,0.5171740651130676
1,0.9985929131507874
1,0.5920050144195557
0,0.33423301577568054
1,0.9960112571716309
1,0.5902078151702881
1,0.6494066715240479
1,0.9977800250053406
1,0.6312508583068848
0,0.3063017725944519
0,0.42113372683525085
1,0.43546029925346375
1,0.5956264734268188
0,0.4374941289424896
0,0.4529992640018463
1,0.9988596439361572
1,0.47656360268592834
0,0.4385157525539398
0,0.49576103687286377
1,0.5812533497810364
1,0.501731276512146
0,0.4042413532733917
0,0.41326603293418884
1,0.995644211769104
1,0.9986411929130554
0,0.31064629554748535
1,0.9999996423721313
1,0.6366994976997375
1,0.671859860420227
1,0.9967169165611267
1,0.9999994039535522
0,0.09055332839488983
1,0.9812739491462708
1,0.9959909319877625
0,0.42142415046691895
1,0.998794436454773
1,0.9999996423721313
0,0.40914618968963623
1,0.998865008354187
0,0.4990765154361725
0,0.3572620749473572
1,0.9696496725082397
0,0.35400089621543884
0,0.3215346336364746
1,0.9999997615814209
0,0.37999093532562256
1,0.7076845169067383
0,0.3611905872821808
0,0.38976937532424927
1,0.41056323051452637
1,0.45067307353019714
0,0.41493016481399536
1,0.48052072525024414
0,0.4124423861503601
1,0.9952730536460876
1,0.9985544085502625
1,0.9999997615814209
1,0.9666647911071777
0,0.4127732813358307
0,0.3575495183467865
0,0.4294729232788086
1,0.49753108620643616
1,0.6997002363204956
0,0.3719651997089386
0,0.3390999734401703
1,0.9708757400512695
0,0.3665304481983185
1,0.9938487410545349
0,0.25804802775382996
0,0.4248619079589844
1,0.7359791398048401
0,0.2873377203941345
0,0.25653570890426636
1,0.5386952757835388
1,0.6387659311294556
1,0.9999997615814209
0,0.4984949827194214
1,0.9984015822410583
0,0.38284364342689514
1,0.9986080527305603
0,0.2558872699737549
1,0.9959826469421387
1,0.9715148210525513
0,0.20785024762153625
0,0.3873520493507385
1,0.9955847859382629
1,0.6658025979995728
1,0.9980862140655518
1,0.6652272939682007
1,0.5215311646461487
1,0.8096290826797485
0,0.5054891705513
0,0.33387812972068787
1,0.9981594681739807
0,0.35577037930488586
1,0.6447612643241882
1,0.9983262419700623
1,0.9987494945526123
1,0.9978048205375671
1,0.5867933630943298
1,0.9999997615814209
0,0.41685429215431213
1,0.995721697807312
0,0.3841575086116791
0,0.37991148233413696
1,0.9705195426940918
1,0.9982050657272339
1,0.9999995231628418
0,0.3581700026988983
1,0.6787737011909485
0,0.3414614796638489
1,0.998938262462616
0,0.39473778009414673
1,0.6482648253440857
0,0.36286452412605286
0,0.4171449840068817
1,0.908748984336853
1,0.9841018319129944
0,0.4162086248397827
1,0.9698633551597595
0,0.5180482268333435
1,0.751287579536438
1,0.6551277041435242
0,0.3932836353778839
0,0.3598562180995941
1,0.9885299801826477
1,0.9978247880935669
0,0.4089125096797943
1,0.5576879978179932
1,0.9965671300888062
0,0.33451807498931885
0,0.35260847210884094
1,0.9651992917060852
0,0.49000057578086853
0,0.5294538736343384
1,0.622617244720459
1,0.5959827899932861
1,0.9965872764587402
1,0.9984521865844727
1,0.9999991655349731
1,0.6325907707214355
1,0.824004590511322
1,0.6104298830032349
0,0.5152671933174133
1,0.9888907670974731
0,0.46669813990592957
1,0.5635823011398315
0,0.3202503025531769
1,0.9861910343170166
1,0.9969103932380676
0,0.4133043885231018
1,0.9984099864959717
1,0.7609177231788635
1,0.9979494214057922
0,0.5205320715904236
0,0.3870164155960083
0,0.3781527578830719
0,0.5259281992912292
0,0.5159355998039246
0,0.5040959119796753
1,0.9847018122673035
1,0.9987248778343201
1,0.9957262277603149
1,0.9917129278182983
0,0.313100665807724
0,0.3604295253753662
1,0.4680095613002777
1,0.6181871294975281
1,0.9913621544837952
1,0.9971113204956055
1,0.9980407357215881
1,0.9973984956741333
0,0.40965789556503296
1,0.7327133417129517
1,0.9884457588195801
1,0.8278936743736267
1,0.6397150754928589
0,0.37583673000335693
1,0.5758931636810303
1,0.9999997615814209
0,0.4186990559101105
0,0.4061572551727295
0,0.4074208438396454
1,0.9914000034332275
1,0.9999991655349731
1,0.9987140893936157
0,0.36113160848617554
1,0.6321082711219788
0,0.39776352047920227
0,0.40806177258491516
1,0.9677863121032715
0,0.383211612701416
1,0.6176630854606628
0,0.35520511865615845
0,0.36711570620536804
1,0.9985609650611877
0,0.4942193329334259
0,0.48998111486434937
0,0.39696168899536133
1,0.9875603318214417
1,0.6709358096122742
1,0.9638033509254456
0,0.3578743040561676
1,0.6658533811569214
1,0.9983118772506714
1,0.9663341045379639
0,0.4219602644443512
1,0.6584745049476624
1,0.9978772401809692
1,0.9837555885314941
1,0.998722493648529
0,0.5141279697418213
0,0.33837440609931946
0,0.2833347022533417
0,0.322163850069046
1,0.6737650036811829
1,0.9986365437507629
0,0.33585643768310547
0,0.3612610101699829
1,0.6814422011375427
0,0.41151759028434753
1,0.9909404516220093
1,0.9633996486663818
0,0.5136353969573975
0,0.5041806697845459
1,0.998887836933136
1,0.4287624955177307
1,0.9999994039535522
1,0.995672345161438
0,0.402133047580719
1,0.8154345750808716
1,0.674872875213623
1,0.7265636920928955
0,0.3919948637485504
1,0.9810672998428345
1,0.9681658148765564
0,0.5151066184043884
1,0.5322754979133606
1,0.9978929162025452
1,0.440915048122406
1,0.9521890878677368
1,0.9985992312431335
1,0.6744084358215332
0,0.41297662258148193
0,0.3255550265312195
1,0.9983568787574768
1,0.6721512079238892
1,0.40490683913230896
0,0.41555243730545044
1,0.9983289837837219
0,0.3688853681087494
1,0.6480713486671448
1,0.46742504835128784
1,0.6348912715911865
0,0.3829841613769531
0,0.36302629113197327
0,0.33064836263656616
0,0.34908953309059143
1,0.9961152076721191
0,0.5630133748054504
1,0.9987406134605408
1,0.617607057094574
0,0.5187466740608215
1,0.9947117567062378
0,0.37721124291419983
1,0.9961073994636536
1,0.5243444442749023
1,0.9974746108055115
0,0.40316078066825867
1,0.6199508309364319
1,0.9981703758239746
1,0.5999391078948975
0,0.37964221835136414
0,0.5219847559928894
1,0.6078699827194214
0,0.4184049367904663
1,0.9999992847442627
1,0.9943997263908386
1,0.9977951049804688
0,0.4225393533706665
0,0.47832754254341125
1,0.9985610842704773
1,0.6172616481781006
1,0.9940483570098877
1,0.6540877223014832
0,0.3328210711479187
1,0.9914852976799011
1,0.6325036287307739
1,0.961624264717102
1,0.9949585795402527
0,0.41439661383628845
0,0.4205225706100464
1,0.9971004128456116
1,0.9987516403198242
0,0.3837691843509674
0,0.507270872592926
0,0.41595807671546936
1,0.5971090793609619
1,0.971980094909668
1,0.9999994039535522
0,0.3699348270893097
1,0.9982282519340515
1,0.6031219363212585
1,0.6169764399528503
0,0.49893397092819214
1,0.9967827796936035
1,0.6595150232315063
0,0.36205559968948364
1,0.48049211502075195
1,0.45412570238113403
0,0.3701601028442383
0,0.2244122475385666
1,0.9999996423721313
1,0.996461808681488
1,0.6547562479972839
1,0.9966049194335938
1,0.627261221408844
1,0.9954321384429932
0,0.4171581268310547
1,0.9999990463256836
0,0.3152792155742645
0,0.2823328375816345
1,0.6418238282203674
1,0.5544149875640869
1,0.9985137581825256
0,0.3634149432182312
0,0.39986440539360046
1,0.5684410333633423
1,0.9999995231628418
0,0.07537444680929184
0,0.48660793900489807
1,0.9940756559371948
1,0.46403852105140686
1,0.5864366292953491
1,0.5985252857208252
0,0.42156723141670227
0,0.3288734555244446
1,0.9999984502792358
0,0.40355876088142395
1,0.9642916917800903
0,0.32543474435806274
1,0.963571310043335
1,0.5639041662216187
0,0.3079080581665039
1,0.5985745191574097
1,0.9977572560310364
0,0.4024503231048584
1,0.9999997615814209
1,0.9973721504211426
1,0.9987512826919556
1,0.9965084195137024
0,0.31782105565071106
1,0.9696220755577087
1,0.7094115018844604
1,0.9968517422676086
1,0.7308342456817627
1,0.6791665554046631
1,0.6775377988815308
0,0.5602715015411377
1,0.9981129169464111
1,0.9985048770904541
1,0.4769386053085327
1,0.6302700042724609
0,0.4098990559577942
0,0.6209706664085388
1,0.9979062080383301
1,0.9999996423721313
1,0.9702512621879578
0,0.5069632530212402
0,0.3604763448238373
1,0.9999997615814209
1,0.9964978098869324
1,0.9999986886978149
0,0.41496825218200684
0,0.41209876537323
1,0.9974665641784668
0,0.42925843596458435
1,0.999998927116394
1,0.9999991655349731
1,0.9942706823348999
1,0.9713834524154663
0,0.3730528950691223
1,0.843486487865448
1,0.9982572197914124
0,0.36665278673171997
1,0.9999991655349731
0,0.41442185640335083
0,0.40508997440338135
1,0.36333993077278137
1,0.9989318251609802
1,0.9956293106079102
1,0.6333999037742615
1,0.5213897824287415
0,0.3102565109729767
1,0.603959858417511
0,0.30855992436408997
0,0.30016976594924927
1,0.9999990463256836
1,0.998498797416687
1,0.9950289130210876
1,0.9658130407333374
1,0.9999996423721313
1,0.998627781867981
1,0.7504976391792297
0,0.36614251136779785
1,0.7584591507911682
0,0.5019010901451111
0,0.32596859335899353
1,0.6381504535675049
1,0.5960391759872437
0,0.3784444034099579
0,0.37411049008369446
0,0.3418118953704834
1,0.6091189980506897
1,0.9987455606460571
1,0.9525495767593384
0,0.5432555675506592
1,0.9999996423721313
0,0.35312581062316895
0,0.5040284991264343
1,0.7424985766410828
1,0.997624933719635
1,0.4913645386695862
0,0.3342578411102295
0,0.4991863965988159
0,0.5128095149993896
1,0.6238893866539001
1,0.9999988079071045
0,0.4238283038139343
1,0.9971119165420532
1,0.6033819913864136
1,0.6403887867927551
0,0.4615277647972107
0,0.3140975534915924
0,0.3130454123020172
1,0.7320985794067383
0,0.27396583557128906
0,0.41002219915390015
1,0.538195788860321
1,0.9932317733764648
0,0.3907661736011505
0,0.4051634669303894
0,0.35330674052238464
0,0.37475669384002686
0,0.40366894006729126
1,0.6523255705833435
1,0.9999997615814209
1,0.6703672409057617
0,0.37253838777542114
0,0.35726216435432434
0,0.3583807349205017
1,0.64845871925354
1,0.6430477499961853
1,0.999998927116394
1,0.555683434009552
1,0.998819887638092
1,0.9990333318710327
1,0.7527668476104736
1,0.998845100402832
0,0.42234334349632263
0,0.41327524185180664
1,0.6129903197288513
1,0.6371914744377136
0,0.3560163378715515
1,0.6539538502693176
1,0.9986950755119324
1,0.4621029198169708
1,0.9959354400634766
1,0.9984787106513977
0,0.393004834651947
1,0.967524528503418
0,0.3567132353782654
1,0.6365060806274414
1,0.9978037476539612
1,0.9982045888900757
0,0.4102390706539154
1,0.9957822561264038
1,0.6466246247291565
0,0.4156327247619629
1,0.9986520409584045
1,0.9971254467964172
1,0.8567633628845215
1,0.5815240144729614
1,0.6276460886001587
1,0.6252365708351135
1,0.998104453086853
1,0.5676633715629578
0,0.35797861218452454
1,0.9615802764892578
0,0.4099161922931671
0,0.3698767423629761
0,0.418389230966568
1,0.9989221096038818
0,0.3997349441051483
1,0.6293728947639465
0,0.4212604761123657
0,0.35706478357315063
0,0.2983833849430084
1,0.9999997615814209
0,0.36964550614356995
1,0.9672439694404602
1,0.9999994039535522
1,0.970573902130127
0,0.5169252157211304
1,0.9988119602203369
1,0.998372495174408
1,0.9990284442901611
0,0.27283841371536255
0,0.08842843025922775
1,0.6018157005310059
0,0.5133679509162903
0,0.06901764124631882
1,0.9983175992965698
1,0.7188634872436523
0,0.40839749574661255
0,0.383588582277298
0,0.4910835027694702
1,0.9999990463256836
1,0.9975663423538208
0,0.30099061131477356
1,0.9986108541488647
1,0.9693422317504883
0,0.3586347699165344
1,0.9979973435401917
0,0.4039665460586548
1,0.9982678890228271
1,0.9985394477844238
1,0.9986329674720764
0,0.32204189896583557
0,0.3683565855026245
0,0.22386986017227173
0,0.5037172436714172
0,0.42232659459114075
0,0.43066322803497314
0,0.4349891245365143
0,0.3514134883880615
0,0.39653176069259644
1,0.6817541718482971
0,0.5107480883598328
0,0.4894063472747803
0,0.4129524230957031
0,0.36373013257980347
0,0.3152492344379425
0,0.40410780906677246
1,0.9733279943466187
1,0.476493775844574
1,0.955814778804779
0,0.4932076036930084
1,0.9986856579780579
1,0.9922696352005005
1,0.9988864064216614
0,0.4082833230495453
0,0.5098438262939453
1,0.6959813833236694
1,0.6230341792106628
1,0.6078620553016663
0,0.4014877378940582
0,0.31638509035110474
1,0.9875410199165344
0,0.459018737077713
1,0.997665286064148
1,0.9999996423721313
1,0.5681878924369812
1,0.6251224279403687
1,0.9983545541763306
0,0.2737080454826355
0,0.5464695692062378
1,0.9999997615814209
1,0.9691725373268127
0,0.5491304397583008
0,0.3851396441459656
1,0.7882900238037109
1,0.6305148601531982
0,0.41236475110054016
1,0.9961554408073425
1,0.6164618134498596
1,0.5582230687141418
0,0.32447314262390137
1,0.634136438369751
1,0.46664735674858093
1,0.9920523166656494
1,0.5566014051437378
0,0.4765207767486572
0,0.3601880967617035
0,0.3026306629180908
1,0.6273819208145142
0,0.21352531015872955
0,0.4129596948623657
1,0.6633982062339783
1,0.5527650713920593
1,0.9974157810211182
0,0.3773152232170105
1,0.6082401275634766
1,0.9877759218215942
0,0.2976478338241577
1,0.997931718826294
0,0.40749260783195496
1,0.9999996423721313
0,0.40886038541793823
1,0.7351502776145935
1,0.7696819305419922
1,0.9983749389648438
1,0.9615808129310608
1,0.9696551561355591
1,0.9982166886329651
1,0.9984650611877441
0,0.4012407064437866
1,0.5412067174911499
0,0.31976377964019775
0,0.4894583821296692
1,0.9984158277511597
0,0.3851815164089203
1,0.9999997615814209
0,0.4142236113548279
1,0.9970816969871521
0,0.4164767861366272
1,0.994975209236145
0,0.3429252505302429
1,0.6049302816390991
0,0.44806909561157227
1,0.9988024234771729
0,0.34971144795417786
0,0.33255308866500854
1,0.5096647143363953
1,0.9977642297744751
1,0.9986408352851868
1,0.9880487322807312
1,0.9999990463256836
0,0.43515485525131226
0,0.359180212020874
1,0.5836143493652344
1,0.9978926777839661
0,0.34588131308555603
1,0.547917902469635
0,0.40152356028556824
1,0.5010027289390564
0,0.31110382080078125
1,0.9981189370155334
1,0.975002646446228
0,0.3838943839073181
1,0.8397541046142578
1,0.9988910555839539
0,0.40824246406555176
0,0.40993770956993103
1,0.9983029365539551
1,0.9754982590675354
1,0.9981306195259094
1,0.9969812035560608
1,0.6271489858627319
0,0.505226194858551
1,0.6498867273330688
0,0.3527742624282837
0,0.3082054555416107
0,0.5186971426010132
1,0.9984990358352661
1,0.9985949397087097
1,0.998149037361145
1,0.3839690387248993
1,0.9448839426040649
1,0.9987667798995972
1,0.335528701543808
1,0.6656870245933533
0,0.3643125891685486
1,0.9712319374084473
1,0.9688445925712585
1,0.9999997615814209
1,0.9969525337219238
0,0.5240640044212341
0,0.4284081757068634
0,0.41114097833633423
1,0.9999992847442627
0,0.41007205843925476
1,0.9973800778388977
0,0.332123339176178
1,0.998264491558075
1,0.9978156089782715
1,0.5620416402816772
1,0.7950270771980286
1,0.9959796667098999
1,0.7731221318244934
0,0.5164004564285278
0,0.40951788425445557
1,0.997668445110321
1,0.9999997615814209
1,0.6057908535003662
1,0.9955796599388123
1,0.8550737500190735
0,0.4251940846443176
0,0.41993919014930725
1,0.9975330829620361
0,0.4246060848236084
1,0.41313016414642334
1,0.6408040523529053
1,0.6477934718132019
1,0.9984198808670044
0,0.4489402770996094
1,0.9950996041297913
1,0.5976595878601074
0,0.42544084787368774
1,0.707402229309082
0,0.3636065423488617
0,0.3644089698791504
1,0.972459077835083
1,0.5367347002029419
1,0.9980758428573608
1,0.5015829801559448
1,0.9956974983215332
0,0.4193290174007416
0,0.3408714234828949
0,0.5061985850334167
1,0.9689040184020996
0,0.35542991757392883
0,0.3624248504638672
1,0.9718771576881409
0,0.2596088647842407
0,0.34442049264907837
0,0.3526212275028229
0,0.34228312969207764
0,0.4187730848789215
1,0.9984124898910522
0,0.3996894955635071
1,0.9960112571716309
1,0.46343472599983215
1,0.9927828311920166
1,0.6371951699256897
0,0.3528949022293091
1,0.995293915271759
0,0.3720923662185669
1,0.9981340765953064
0,0.36299970746040344
1,0.6258270144462585
0,0.4107359051704407
1,0.6487506031990051
0,0.47849637269973755
0,0.3781731426715851
1,0.9936416745185852
0,0.3597170114517212
1,0.9987047910690308
0,0.2984953224658966
0,0.41720879077911377
1,0.9936920404434204
0,0.33133387565612793
0,0.7687681317329407
1,0.9952489733695984
1,0.6375645995140076
0,0.28471705317497253
0,0.4154787063598633
1,0.551967442035675
1,0.9989759922027588
1,0.9681540727615356
1,0.9960100650787354
0,0.35962235927581787
1,0.6503120064735413
1,0.582370400428772
0,0.41255298256874084
1,0.9841227531433105
0,0.35954761505126953
0,0.3380700945854187
0,0.5538186430931091
1,0.661186158657074
1,0.9988935589790344
1,0.6992161273956299
1,0.9744043350219727
1,0.9989407658576965
0,0.3588046729564667
0,0.40334856510162354
1,0.5091108083724976
1,0.44918686151504517
1,0.9999997615814209
0,0.4258481562137604
1,0.6320449709892273
0,0.5184778571128845
1,0.9979896545410156
1,0.6266538500785828
0,0.41973739862442017
0,0.4164918065071106
1,0.9985074400901794
0,0.34847795963287354
0,0.32830512523651123
1,0.9981096982955933
0,0.37242555618286133
1,0.7698395848274231
1,0.8230909705162048
0,0.3901020586490631
1,0.639006495475769
0,0.09091489762067795
1,0.9933415055274963
0,0.3027160167694092
0,0.6220528483390808
1,0.9896447658538818
1,0.3537173569202423
0,0.501224935054779
1,0.6184269785881042
1,0.4041132926940918
1,0.9985254406929016
1,0.9862521290779114
0,0.41375505924224854
1,0.6550716757774353
0,0.41968169808387756
0,0.5143457055091858
0,0.3815727233886719
1,0.9979689717292786
0,0.23041747510433197
1,0.6986116766929626
1,0.9971476197242737
1,0.9988364577293396
1,0.7474066019058228
1,0.9972231388092041
1,0.9999986886978149
1,0.9940809607505798
0,0.5181846022605896
0,0.28571194410324097
0,0.41613537073135376
1,0.4088691174983978
0,0.4611046314239502
0,0.3371678590774536
1,0.9989861845970154
1,0.7411554455757141
0,0.42453667521476746
0,0.3344722390174866
1,0.5862208604812622
1,0.9610216617584229
0,0.4092067778110504
0,0.4994000196456909
0,0.42186421155929565
1,0.6077131628990173
0,0.35042816400527954
0,0.5013313889503479
0,0.37945297360420227
0,0.3888011872768402
0,0.33994871377944946
1,0.7334932684898376
0,0.3061216473579407
1,0.4848670959472656
1,0.9960193037986755
0,0.4138738214969635
1,0.998430073261261
1,0.998764157295227
1,0.9987373948097229
1,0.5785894989967346
0,0.378093421459198
0,0.5483517050743103
1,0.6405811309814453
1,0.6325564384460449
0,0.4078786373138428
1,0.6258172988891602
1,0.995438277721405
1,0.5727800130844116
0,0.39223819971084595
1,0.9982210993766785
1,0.6090836524963379
1,0.9985477328300476
1,0.6414064764976501
1,0.6376644968986511
0,0.3600641191005707
0,0.41529542207717896
0,0.42167094349861145
0,0.08794946223497391
1,0.604822039604187
1,0.6534922122955322
1,0.46558573842048645
0,0.3508814871311188
1,0.37693795561790466
0,0.37328338623046875
1,0.9987744688987732
0,0.3519648015499115
0,0.3662363290786743
0,0.3548269271850586
1,0.6381346583366394
1,0.99887615442276
1,0.738726019859314
1,0.5054628849029541
1,0.9975835084915161
1,0.9986205101013184
1,0.632452666759491
1,0.9982615113258362
1,0.9999997615814209
1,0.6221234202384949
1,0.3892154395580292
1,0.9721896052360535
1,0.9985887408256531
1,0.517921507358551
1,0.9983808994293213
0,0.402609646320343
0,0.33552074432373047
0,0.4181838035583496
0,0.33612260222435
1,0.99471116065979
1,0.9878643155097961
1,0.9624419212341309
0,0.3761287331581116
1,0.6299828886985779
0,0.3421243727207184
1,0.9979826211929321
1,0.8221443295478821
1,0.9955233335494995
0,0.4427376091480255
1,0.6371369361877441
1,0.6951944231987
1,0.6337864398956299
0,0.26153460144996643
1,0.9741914868354797
1,0.9999997615814209
1,0.9988896250724792
0,0.4947591722011566
0,0.46023258566856384
1,0.9983370304107666
1,0.9961187839508057
0,0.3164779245853424
1,0.9969446063041687
1,0.9963035583496094
0,0.40416571497917175
0,0.39379119873046875
0,0.3490248918533325
0,0.4077777564525604
1,0.9999996423721313
0,0.36399224400520325
1,0.9965869188308716
0,0.41598695516586304
0,0.5280028581619263
1,0.9947890043258667
1,0.998747706413269
0,0.26236775517463684
1,0.9837377071380615
1,0.565934419631958
1,0.6358399987220764
1,0.3779881000518799
1,0.9987964630126953
0,0.3290603756904602
1,0.6369412541389465
1,0.596869945526123
1,0.4927796721458435
0,0.4132026135921478
1,0.9986221790313721
1,0.9525582194328308
1,0.9954980611801147
1,0.9892336130142212
1,0.9829745888710022
1,0.6497339606285095
0,0.5377236008644104
0,0.4195256233215332
1,0.9902942180633545
1,0.6525334715843201
1,0.6626731157302856
1,0.7277711629867554
1,0.6532558798789978
1,0.9999995231628418
1,0.9882742166519165
0,0.3804694414138794
1,0.9919000864028931
1,0.5607489943504333
0,0.3529307246208191
0,0.33634254336357117
1,0.9999996423721313
0,0.24867984652519226
0,0.41039586067199707
1,0.6168114542961121
1,0.9659305214881897
1,0.6392606496810913
0,0.3613162040710449
0,0.3419487178325653
1,0.6351636052131653
1,0.7740442752838135
0,0.2901991903781891
1,0.4665803015232086
1,0.4818785786628723
1,0.9988306164741516
1,0.48617130517959595
1,0.6893346309661865
1,0.9978444576263428
0,0.3103780150413513
1,0.9973559379577637
0,0.31550824642181396
1,0.6821784377098083
0,0.35270142555236816
1,0.5716014504432678
1,0.6213499307632446
1,0.9989513158798218
1,0.9987791180610657
1,0.6436247229576111
1,0.6054413318634033
1,0.9983444213867188
1,0.9941335320472717
1,0.7279809713363647
0,0.4017156660556793
1,0.9983758926391602
1,0.9957526922225952
1,0.9979879856109619
1,0.6549188494682312
0,0.3562289774417877
0,0.3506612181663513
1,0.9999994039535522
1,0.604160487651825
1,0.6183063387870789
1,0.6479719281196594
1,0.6452363133430481
1,0.9999997615814209
1,0.6025819182395935
1,0.9974430799484253
1,0.9977880716323853
1,0.9987897276878357
1,0.9978892207145691
1,0.9987972974777222
1,0.9988083839416504
1,0.5599365234375
1,0.7275851964950562
0,0.3805578351020813
0,0.40384870767593384
1,0.6900339722633362
0,0.42213672399520874
0,0.46001487970352173
1,0.9660072326660156
0,0.5644821524620056
0,0.5894315838813782
0,0.4052858352661133
0,0.40610140562057495
1,0.9563902616500854
0,0.31846287846565247
1,0.6205431818962097
1,0.6537445187568665
0,0.3668322265148163
1,0.9630776047706604
1,0.5430631637573242
1,0.997982382774353
1,0.9691504836082458
0,0.41330456733703613
1,0.9984560012817383
1,0.6345688700675964
0,0.4208292067050934
1,0.6858311295509338
0,0.31278884410858154
1,0.9972469806671143
1,0.9965656399726868
0,0.4954306483268738
1,0.6272406578063965
0,0.38518470525741577
0,0.2990303337574005
1,0.9966700673103333
1,0.6498145461082458
0,0.41140010952949524
1,0.6320863366127014
1,0.6899285912513733
1,0.9981071949005127
0,0.4113205075263977
1,0.6241813898086548
0,0.4027264714241028
0,0.27542170882225037
1,0.9999997615814209
1,0.9987223744392395
0,0.3699314594268799
0,0.3562294542789459
0,0.4119097590446472
1,0.9734241366386414
0,0.3977453112602234
1,0.9953027963638306
0,0.41461899876594543
1,0.6284738183021545
1,0.6404876112937927
0,0.352044016122818
0,0.5436029434204102
1,0.9979191422462463
1,0.4457981586456299
1,0.9986793398857117
0,0.4535580575466156
1,0.6522375345230103
0,0.4245617389678955
0,0.06836327165365219
1,0.9980320334434509
0,0.4726888835430145
0,0.6819072961807251
1,0.9999991655349731
1,0.9985879063606262
0,0.2894064784049988
1,0.9962475895881653
1,0.9984681010246277
0,0.41646555066108704
1,0.6395973563194275
1,0.9982507824897766
0,0.42526522278785706
1,0.9984025359153748
1,0.9925472140312195
1,0.9721714854240417
1,0.998444139957428
1,0.9983782768249512
1,0.6432008147239685
0,0.30573350191116333
0,0.3658614754676819
1,0.9776713848114014
1,0.642786979675293
1,0.998199462890625
1,0.6187149286270142
1,0.9983899593353271
1,0.9999994039535522
1,0.9985333681106567
0,0.5192497372627258
0,0.3708553910255432
1,0.9985622763633728
1,0.9982450008392334
1,0.7174679636955261
1,0.5152081251144409
0,0.2584274113178253
0,0.30749911069869995
1,0.9982775449752808
1,0.9984367489814758
0,0.41111019253730774
1,0.9987084865570068
0,0.5532750487327576
0,0.5031325817108154
0,0.4298797845840454
0,0.4637102782726288
1,0.6196234822273254
1,0.6972023248672485
1,0.9955288767814636
0,0.4860389232635498
1,0.6224302053451538
1,0.6549404263496399
1,0.5513003468513489
1,0.9693654179573059
1,0.6554831266403198
0,0.36756089329719543
1,0.6232821345329285
1,0.9985219836235046
1,0.9980657696723938
0,0.3209429681301117
1,0.40366461873054504
1,0.6598412990570068
0,0.5498353242874146
0,0.39714717864990234
0,0.37438786029815674
0,0.4187428951263428
1,0.5474435091018677
1,0.9983637928962708
0,0.338389128446579
1,0.4526892900466919
0,0.43470898270606995
1,0.9730903506278992
1,0.6389603614807129
0,0.4052830934524536
1,0.9980677962303162
0,0.4080530107021332
0,0.26545417308807373
1,0.9974453449249268
1,0.9974172115325928
1,0.9985854625701904
1,0.9973835349082947
1,0.654167115688324
1,0.739615797996521
1,0.40990495681762695
1,0.6429110765457153
0,0.33884191513061523
0,0.41846922039985657
1,0.6223068833351135
0,0.36076074838638306
1,0.6483863592147827
0,0.4368716776371002
0,0.4362810552120209
1,0.9755120873451233
0,0.4041658639907837
1,0.9971655011177063
0,0.3259914219379425
1,0.6064416766166687
0,0.41701412200927734
1,0.9980837106704712
0,0.546872079372406
0,0.321987509727478
0,0.419933557510376
0,0.362395316362381
0,0.36248713731765747
0,0.32138705253601074
0,0.2522566020488739
0,0.4097299575805664
0,0.30044615268707275
1,0.998237133026123
0,0.2608131766319275
0,0.20879557728767395
0,0.4736426770687103
0,0.2076171636581421
1,0.6478009819984436
0,0.38455742597579956
1,0.9988076686859131
0,0.49370449781417847
1,0.7732013463973999
0,0.40216806530952454
0,0.5005707144737244
1,0.9986741542816162
1,0.6185624003410339
1,0.9955583810806274
1,0.5539703369140625
1,0.6606391072273254
1,0.4091939628124237
1,0.9987661838531494
1,0.9999997615814209
0,0.3924950361251831
0,0.4072169363498688
0,0.38996899127960205
1,0.9981400966644287
0,0.42292869091033936
0,0.5164749622344971
1,0.5915769934654236
0,0.5006569623947144
0,0.3995547592639923
1,0.9959783554077148
0,0.19511418044567108
1,0.9934647679328918
1,0.8677790760993958
0,0.32905569672584534
1,0.9999995231628418
0,0.3820445239543915
0,0.4131212532520294
0,0.3571605682373047
1,0.994583785533905
0,0.3829501271247864
1,0.9953771829605103
1,0.9966597557067871
1,0.6254639625549316
0,0.5221141576766968
1,0.9999997615814209
1,0.9999973773956299
1,0.9966163039207458
0,0.5566943883895874
1,0.9999997615814209
0,0.42879003286361694
1,0.9980429410934448
0,0.5197310447692871
0,0.36605459451675415
0,0.36295512318611145
1,0.9999995231628418
1,0.8460172414779663
1,0.4910617768764496
0,0.3876838684082031
1,0.9986076951026917
1,0.6320576667785645
0,0.5116149187088013
0,0.3812122941017151
1,0.9981890320777893
0,0.3213595747947693
0,0.07553033530712128
0,0.398877888917923
0,0.40468090772628784
0,0.3005716800689697
1,0.9987919926643372
0,0.2533978223800659
0,0.40614986419677734
0,0.3608398139476776
1,0.9977611303329468
1,0.9680157899856567
0,0.4129582643508911
1,0.998813271522522
1,0.9987596273422241
0,0.3309578597545624
1,0.6237542629241943
1,0.5353278517723083
0,0.3132294714450836
1,0.9999994039535522
1,0.9964931607246399
1,0.9979952573776245
1,0.9956988096237183
0,0.40503454208374023
0,0.4040469229221344
0,0.38428768515586853
0,0.37168088555336
1,0.995649516582489
0,0.4017167389392853
1,0.6733025908470154
1,0.9985735416412354
1,0.9976183772087097
0,0.35785916447639465
1,0.9986438155174255
1,0.9988314509391785
0,0.499431312084198
1,0.6273189187049866
0,0.4092577397823334
1,0.7901414632797241
0,0.4038688540458679
0,0.32932090759277344
1,0.9984458088874817
1,0.999998927116394
0,0.5188507437705994
1,0.6471843719482422
0,0.3032151162624359
0,0.37643536925315857
1,0.9977880716323853
1,0.6176766157150269
0,0.4045132100582123
1,0.6254296898841858
1,0.786812961101532
1,0.9999990463256836
1,0.9985462427139282
1,0.997468113899231
1,0.6350946426391602
0,0.3130028247833252
0,0.38187822699546814
1,0.6538977026939392
1,0.9978668093681335
1,0.6054628491401672
1,0.9976250529289246
1,0.6481659412384033
1,0.9985761642456055
1,0.9975584745407104
1,0.9976698756217957
0,0.25987866520881653
1,0.5231776237487793
1,0.708682119846344
1,0.568092405796051
0,0.37221428751945496
0,0.26035022735595703
1,0.999998927116394
0,0.41304606199264526
1,0.6758049130439758
0,0.4557289481163025
0,0.34309837222099304
1,0.998501181602478
1,0.998268723487854
0,0.3488258719444275
1,0.9921169877052307
1,0.9651702046394348
1,0.5229017734527588
1,0.6225143671035767
1,0.9999996423721313
1,0.6379616856575012
1,0.4385493993759155
1,0.5553333759307861
1,0.9977098703384399
1,0.5918177366256714
0,0.41538283228874207
1,0.7058985233306885
1,0.9980807304382324
1,0.6489788889884949
0,0.3585931658744812
1,0.6009201407432556
0,0.4143669605255127
1,0.6373758316040039
0,0.2672134339809418
1,0.7380818724632263
1,0.9932021498680115
0,0.3612399101257324
1,0.9955910444259644
1,0.7374076843261719
1,0.6371268033981323
0,0.5008013844490051
1,0.9894548654556274
1,0.6054068207740784
1,0.6362897157669067
1,0.5589657425880432
1,0.9986913800239563
0,0.49925723671913147
1,0.9999992847442627
1,0.9987462759017944
1,0.6193206906318665
1,0.9949197173118591
1,0.9987527132034302
0,0.5606295466423035
1,0.6731542348861694
0,0.39862334728240967
1,0.9496796727180481
1,0.6547813415527344
1,0.6644547581672668
1,0.9984064698219299
1,0.6425579786300659
0,0.36177587509155273
1,0.6112589836120605
1,0.6322528123855591
1,0.9987385869026184
1,0.6433026790618896
1,0.7017109990119934
0,0.3300359547138214
1,0.7927143573760986
0,0.34110403060913086
1,0.6006712317466736
0,0.25809893012046814
1,0.6588050127029419
0,0.41708284616470337
1,0.6015523076057434
1,0.6512725353240967
1,0.9970272183418274
1,0.9962062835693359
1,0.5865775346755981
1,0.9999997615814209
1,0.9981837868690491
0,0.4119649827480316
1,0.6456476449966431
0,0.5489585399627686
0,0.37171411514282227
1,0.9987679123878479
1,0.7202504873275757
0,0.37725287675857544
1,0.6275771856307983
1,0.7101377844810486
0,0.4506183862686157
0,0.3561958372592926
0,0.5061872601509094
0,0.5077284574508667
0,0.39899468421936035
1,0.9967729449272156
1,0.6292678117752075
1,0.867681622505188
0,0.4053352177143097
1,0.6547271609306335
1,0.6203686594963074
0,0.35228466987609863
1,0.6412050724029541
1,0.9999996423721313
0,0.41928574442863464
1,0.4945422112941742
1,0.9999992847442627
0,0.49713215231895447
1,0.972886860370636
1,0.9985963702201843
0,0.3543371260166168
1,0.5674651265144348
1,0.9999997615814209
1,0.9999996423721313
1,0.7310434579849243
1,0.6612704992294312
1,0.626653790473938
0,0.4225621819496155
1,0.6430960297584534
1,0.9684985876083374
0,0.3758564591407776
0,0.42219460010528564
1,0.99769526720047
1,0.9983851909637451
0,0.3772626221179962
0,0.5321118831634521
1,0.6446112990379333
0,0.37846484780311584
1,0.591367244720459
1,0.9987033605575562
1,0.5496669411659241
1,0.7654032707214355
0,0.3566093146800995
0,0.3643747568130493
1,0.9999996423721313
1,0.649874746799469
0,0.3644999861717224
1,0.99765944480896
1,0.9676340222358704
0,0.41116443276405334
0,0.4109501540660858
1,0.6378408074378967
0,0.3903646171092987
1,0.6438454985618591
1,0.5908582806587219
1,0.9979016780853271
1,0.9720255732536316
1,0.9982125759124756
0,0.3767583966255188
1,0.9969183206558228
0,0.4118967652320862
0,0.31480589509010315
1,0.9728211760520935
1,0.9973028898239136
0,0.4637978672981262
1,0.6891186237335205
1,0.6442561149597168
1,0.5793938040733337
1,0.5409120917320251
1,0.9973621964454651
1,0.9745307564735413
1,0.9975380897521973
1,0.9973661303520203
0,0.3708781599998474
1,0.9940654039382935
0,0.5554373264312744
1,0.9713115692138672
0,0.3252565860748291
1,0.609143853187561
0,0.4017431437969208
1,0.9677866101264954
0,0.2823903262615204
0,0.37545713782310486
0,0.4572393298149109
1,0.53423672914505
0,0.46464625000953674
0,0.3137487471103668
1,0.6247231364250183
0,0.341378778219223
0,0.41164085268974304
1,0.5164933800697327
1,0.63947993516922
1,0.5724208354949951
0,0.10255254805088043
1,0.8214178085327148
1,0.9985307455062866
1,0.6140329837799072
1,0.6506960988044739
1,0.998762845993042
1,0.5768129229545593
0,0.3570416271686554
1,0.6084359884262085
1,0.9980260729789734
0,0.4142402112483978
0,0.4661116600036621
0,0.4313918650150299
0,0.5112090706825256
0,0.3649490475654602
1,0.7285779714584351
1,0.9963966012001038
1,0.7266554832458496
1,0.9812739491462708
0,0.5400342345237732
1,0.9721167087554932
0,0.3490016460418701
0,0.3889644742012024
0,0.30816850066185
0,0.20375965535640717
0,0.38267701864242554
0,0.37475329637527466
1,0.9988446235656738
0,0.6411983370780945
0,0.5582341551780701
0,0.41515666246414185
0,0.308602899312973
0,0.4215366542339325
1,0.9798306822776794
0,0.3903399705886841
0,0.38307246565818787
1,0.9987233281135559
1,0.6282851099967957
0,0.2149486392736435
0,0.379803329706192
1,0.9691860675811768
1,0.9999995231628418
1,0.649160623550415
1,0.5339428782463074
1,0.6286938786506653
0,0.35381877422332764
0,0.4048258364200592
0,0.3647427260875702
1,0.9977726340293884
1,0.9982172846794128
0,0.3271239101886749
1,0.6145142912864685
1,0.6349128484725952
0,0.2672134339809418
1,0.9986445307731628
1,0.6147835850715637
0,0.39081433415412903
1,0.4623315930366516
1,0.9986552000045776
0,0.4100746214389801
1,0.7088482975959778
0,0.5164499282836914
0,0.37839505076408386
0,0.3183026611804962
0,0.4129693806171417
0,0.3669571578502655
1,0.998683750629425
1,0.9974651336669922
1,0.994322657585144
0,0.36349233984947205
0,0.3520932197570801
0,0.3338108956813812
1,0.9974725842475891
0,0.403459757566452
1,0.6341947317123413
1,0.9898536801338196
1,0.9999996423721313
0,0.5103278160095215
1,0.6504170298576355
1,0.9987706542015076
1,0.9999974966049194
0,0.40592318773269653
0,0.3051990568637848
0,0.4073582589626312
0,0.40941208600997925
1,0.6398494243621826
0,0.2644869387149811
1,0.9984747767448425
0,0.4252670109272003
1,0.9986929297447205
0,0.41554564237594604
0,0.4126054048538208
1,0.998854398727417
1,0.9712239503860474
1,0.9695382714271545
1,0.6453619003295898
0,0.48835182189941406
0,0.3820890784263611
0,0.4759391248226166
0,0.42285406589508057
1,0.9999995231628418
0,0.4190814793109894
0,0.563571035861969
1,0.6539704203605652
1,0.9984184503555298
1,0.9977490305900574
0,0.33676794171333313
1,0.9786344766616821
0,0.3890209197998047
0,0.3161775469779968
1,0.9056899547576904
1,0.9982298016548157
0,0.41571563482284546
1,0.60663902759552
0,0.4961862564086914
1,0.9984484910964966
0,0.5123804211616516
1,0.9954388737678528
1,0.9906702041625977
1,0.9999997615814209
1,0.5767484307289124
1,0.4543221592903137
0,0.5171217918395996
1,0.6459845900535583
1,0.967997670173645
1,0.9986020922660828
0,0.5266615748405457
1,0.9981858134269714
0,0.4977966248989105
0,0.21191902458667755
0,0.431396484375
1,0.6315237283706665
0,0.37027105689048767
1,0.9694240689277649
0,0.41202858090400696
1,0.6482318043708801
0,0.3867768347263336
1,0.9985419511795044
0,0.3648722171783447
0,0.2647111117839813
0,0.2773810923099518
1,0.9943706393241882
0,0.3061341941356659
0,0.4052935838699341
1,0.999998927116394
0,0.42838817834854126
1,0.9983088970184326
0,0.4258069396018982
1,0.6206824779510498
1,0.9989132881164551
1,0.4901171624660492
0,0.4198854863643646
0,0.4020387530326843
0,0.41825586557388306
0,0.3329501450061798
0,0.3569912612438202
0,0.36671942472457886
1,0.9999997615814209
1,0.7121811509132385
0,0.4092566967010498
1,0.7556871771812439
1,0.9755533933639526
1,0.5243237614631653
0,0.27752581238746643
0,0.5550678968429565
1,0.625247597694397
0,0.3862914741039276
0,0.4588184952735901
0,0.29462674260139465
1,0.6733733415603638
1,0.9752548933029175
1,0.9999996423721313
1,0.9950011372566223
1,0.9698594212532043
1,0.5835098624229431
0,0.3659627437591553
0,0.2579924762248993
1,0.9983844757080078
1,0.6682596206665039
1,0.6736087203025818
1,0.6974221467971802
1,0.4947638213634491
0,0.40073055028915405
1,0.9675660729408264
1,0.6660149693489075
1,0.7559796571731567
1,0.5506875514984131
1,0.620326042175293
1,0.9970914125442505
0,0.328870564699173
0,0.37255188822746277
0,0.4533373713493347
1,0.9898790121078491
0,0.4921129643917084
0,0.346936970949173
1,0.4600635766983032
1,0.9929017424583435
1,0.9709304571151733
0,0.4102901518344879
1,0.6218645572662354
1,0.6443372368812561
1,0.6476715803146362
0,0.09338641166687012
1,0.9967477321624756
0,0.41141217947006226
1,0.9984400868415833
1,0.9988246560096741
1,0.9929530024528503
1,0.9928045868873596
0,0.33567148447036743
1,0.6518252491950989
0,0.5523821711540222
0,0.31686145067214966
0,0.38404324650764465
0,0.364013671875
0,0.4237738847732544
1,0.3363740146160126
1,0.6383633017539978
0,0.3931026756763458
1,0.998404324054718
0,0.06567616760730743
1,0.9749965667724609
1,0.5443481802940369
1,0.9983888864517212
1,0.7623865008354187
1,0.9974877834320068
1,0.5651428699493408
1,0.9686744213104248
0,0.3831333816051483
0,0.5129947662353516
1,0.9915088415145874
1,0.999998927116394
1,0.9968620538711548
1,0.5932236313819885
1,0.6364490389823914
0,0.4045979082584381
0,0.3602806627750397
0,0.36072540283203125
1,0.6244388818740845
0,0.5012646913528442
1,0.6942542791366577
1,0.9976471066474915
0,0.41221004724502563
1,0.5531017184257507
1,0.9999997615814209
0,0.3815649747848511
1,0.6439679265022278
0,0.42521822452545166
0,0.40246960520744324
1,0.7171493172645569
0,0.3702460825443268
0,0.5202640891075134
0,0.3394290506839752
1,0.4450516104698181
1,0.5976911783218384
0,0.09382195770740509
0,0.3572997450828552
0,0.5167064666748047
0,0.19015386700630188
0,0.4166722297668457
1,0.5497162938117981
0,0.4845843017101288
0,0.3900701403617859
1,0.7313224673271179
1,0.9987689852714539
0,0.33222100138664246
1,0.9961287975311279
1,0.9979060888290405
1,0.9954094290733337
1,0.6164631247520447
1,0.9962246417999268
0,0.40539535880088806
1,0.6862966418266296
1,0.9664211273193359
0,0.33222100138664246
1,0.7531319260597229
0,0.34769824147224426
1,0.9987462759017944
0,0.48216161131858826
1,0.9967691898345947
1,0.5424748063087463
1,0.9991939663887024
0,0.41394922137260437
0,0.4297582507133484
1,0.539596676826477
0,0.34917572140693665
1,0.9989257454872131
1,0.7697333097457886
1,0.6401023864746094
1,0.998407781124115
1,0.9988790154457092
1,0.9961255192756653
1,0.9919106364250183
1,0.9947577118873596
0,0.3722686767578125
1,0.5923495292663574
0,0.32087939977645874
0,0.34832483530044556
0,0.3604521155357361
0,0.2632623016834259
1,0.9980810880661011
1,0.5843372941017151
1,0.9950507283210754
1,0.6141440868377686
1,0.9979256391525269
1,0.9987789988517761
1,0.9943435192108154
1,0.9982466697692871
1,0.998696506023407
1,0.6128068566322327
0,0.3709715008735657
0,0.33222100138664246
1,0.9967120885848999
0,0.3430590033531189
1,0.9954994320869446
1,0.48331308364868164
0,0.5226485133171082
1,0.6174061298370361
1,0.6451084613800049
1,0.9728705286979675
0,0.3700149357318878
0,0.31669148802757263
0,0.36921021342277527
0,0.5275522470474243
1,0.9953487515449524
1,0.9968131184577942
0,0.5232458114624023
1,0.9922319650650024
1,0.9985377788543701
1,0.9989720582962036
1,0.5814417004585266
1,0.9579176902770996
0,0.38359758257865906
0,0.31652018427848816
0,0.4124649465084076
1,0.9951680898666382
1,0.996841549873352
1,0.5391538739204407
1,0.6088771820068359
1,0.9922696352005005
1,0.9980419874191284
1,0.6877262592315674
1,0.456062376499176
0,0.30842116475105286
0,0.3048361837863922
1,0.998502254486084
0,0.2716754674911499
0,0.2231968641281128
1,0.5767989158630371
0,0.4162170886993408
1,0.6228227019309998
1,0.6724838018417358
0,0.45260483026504517
1,0.9989534616470337
1,0.9986898303031921
1,0.9983789920806885
0,0.4501841962337494
1,0.9999997615814209
1,0.673164963722229
1,0.6335695385932922
0,0.3738687336444855
0,0.5186011791229248
0,0.21592912077903748
1,0.9999997615814209
1,0.4633582830429077
1,0.5636184811592102
1,0.616381824016571
1,0.6276103854179382
1,0.9989431500434875
0,0.2558872699737549
0,0.42028164863586426
0,0.3318447768688202
0,0.416278600692749
1,0.9946777820587158
1,0.9987837672233582
0,0.32310718297958374
1,0.6202942132949829
1,0.9978340268135071
0,0.5470413565635681
1,0.4964779019355774
1,0.6313443779945374
1,0.6096656322479248
1,0.565142810344696
1,0.9979962110519409
1,0.515651524066925
1,0.49517515301704407
0,0.32767513394355774
1,0.9962694644927979
1,0.9949228167533875
1,0.5993499755859375
1,0.9862521290779114
1,0.9999997615814209
0,0.5425688624382019
1,0.9971110820770264
0,0.2548539340496063
0,0.40494462847709656
1,0.9976317882537842
1,0.6073554158210754
0,0.4221547245979309
1,0.9978781938552856
0,0.18572604656219482
0,0.33222100138664246
1,0.5107496976852417
1,0.6021278500556946
1,0.6199831366539001
0,0.410310298204422
1,0.9959420561790466
0,0.32992953062057495
1,0.518271267414093
1,0.7513462901115417
1,0.9970182180404663
0,0.3705425560474396
1,0.5407317876815796
0,0.4186978042125702
1,0.9732185006141663
0,0.4677487015724182
1,0.9748924374580383
0,0.39173921942710876
1,0.9892336130142212
0,0.39925721287727356
0,0.3989850878715515
1,0.5959926247596741
0,0.3637981116771698
1,0.966684103012085
1,0.6386555433273315
0,0.4167708158493042
1,0.9990038275718689
1,0.655078649520874
1,0.9987145662307739
0,0.40503305196762085
1,0.9973028898239136
1,0.9986850619316101
0,0.2605086863040924
1,0.6941324472427368
0,0.351422518491745
1,0.9972797632217407
0,0.3893028795719147
1,0.9954468607902527
1,0.9990559220314026
0,0.5209841728210449
1,0.9549316763877869
1,0.46844005584716797
1,0.6431187391281128
0,0.4059233069419861
0,0.47205451130867004
0,0.3719884157180786
1,0.9999997615814209
1,0.9982011318206787
1,0.7549915909767151
1,0.9999997615814209
1,0.4447191655635834
0,0.46296727657318115
1,0.9988197684288025
0,0.36693596839904785
0,0.421222448348999
1,0.651023268699646
0,0.3122485280036926
0,0.37915730476379395
0,0.06016874313354492
1,0.46778538823127747
0,0.3614942133426666
0,0.3473947048187256
1,0.44239553809165955
1,0.9975910186767578
0,0.35627108812332153
1,0.4668712019920349
1,0.8099883794784546
1,0.9667832255363464
0,0.37396374344825745
0,0.38506174087524414
1,0.6434736251831055
1,0.6283507347106934
1,0.9807933568954468
0,0.4138774573802948
1,0.6646195650100708
1,0.9912673830986023
1,0.9984675049781799
1,0.5453726649284363
0,0.31863927841186523
0,0.41443932056427
1,0.6158881187438965
1,0.9987629652023315
1,0.9656779766082764
1,0.9985435009002686
1,0.9982944130897522
0,0.44014790654182434
1,0.9982861876487732
0,0.40188080072402954
1,0.9638317227363586
1,0.6894575953483582
0,0.41296592354774475
1,0.9979167580604553
1,0.9999985694885254
0,0.5116636753082275
0,0.4633415639400482
0,0.3628917932510376
1,0.9729313254356384
1,0.9986037611961365
1,0.9627084136009216
1,0.9966757297515869
0,0.42528703808784485
1,0.9960188269615173
1,0.9968068599700928
1,0.9695258140563965
1,0.693371593952179
0,0.36417949199676514
1,0.9988736510276794
1,0.998904824256897
0,0.3207990229129791
0,0.35045942664146423
1,0.9977074861526489
1,0.6352973580360413
1,0.9879770874977112
1,0.4946163296699524
0,0.551755428314209
0,0.34437084197998047
0,0.3401927053928375
1,0.6725243926048279
1,0.9974416494369507
1,0.9980868101119995
1,0.9967383742332458
1,0.9967361092567444
1,0.9673202633857727
1,0.9988722205162048
1,0.6245590448379517
0,0.42703551054000854
1,0.9988036155700684
1,0.993417501449585
1,0.9757189154624939
1,0.9943997263908386
0,0.4067816734313965
1,0.9986897110939026
1,0.9710284471511841
1,0.6945838928222656
0,0.5755351781845093
0,0.4182705283164978
1,0.9999996423721313
1,0.9989891648292542
1,0.5155901312828064
1,0.9707509875297546
1,0.9628475308418274
0,0.4264151155948639
1,0.9733818769454956
1,0.9988430738449097
0,0.34498488903045654
0,0.41256240010261536
1,0.9986842274665833
1,0.9999996423721313
0,0.3212404251098633
1,0.9982718229293823
0,0.48268723487854004
1,0.6387017369270325
0,0.4233909249305725
0,0.27719613909721375
1,0.99132239818573
1,0.9960112571716309
0,0.5084396600723267
1,0.6289478540420532
1,0.6535162925720215
0,0.32993271946907043
1,0.9999996423721313
1,0.9936727285385132
1,0.6390060782432556
1,0.9982925057411194
1,0.6441854238510132
0,0.3595314025878906
1,0.998394787311554
1,0.9999997615814209
1,0.5454949140548706
0,0.5218213200569153
1,0.9667385816574097
0,0.32456156611442566
1,0.9999997615814209
1,0.9988182187080383
1,0.43341290950775146
1,0.9981622099876404
1,0.5677394270896912
1,0.9999996423721313
1,0.5082677006721497
0,0.4079437255859375
1,0.9989101886749268
0,0.37725207209587097
1,0.9970634579658508
1,0.6012561321258545
1,0.9983622431755066
1,0.9883684515953064
1,0.5005043745040894
0,0.33249759674072266
1,0.9999997615814209
1,0.9987723231315613
0,0.344355046749115
0,0.5092915296554565
0,0.32018589973449707
1,0.9839382767677307
1,0.9989614486694336
0,0.32700785994529724
0,0.4209687113761902
1,0.538908839225769
0,0.05071427300572395
0,0.41488590836524963
1,0.997929573059082
1,0.9986070990562439
1,0.998394787311554
0,0.5276162624359131
1,0.530070960521698
0,0.2897815704345703
1,0.9987855553627014
1,0.6438027620315552
1,0.6397204399108887
0,0.40479668974876404
1,0.7009990811347961
1,0.9999992847442627
1,0.69493168592453
1,0.5958703756332397
0,0.4071963429450989
1,0.6417267918586731
0,0.4189947247505188
0,0.36850544810295105
0,0.46910929679870605
1,0.664031982421875
1,0.9915428161621094
0,0.42512279748916626
1,0.6120338439941406
1,0.9702660441398621
1,0.9984550476074219
0,0.06040386110544205
0,0.40544986724853516
1,0.9999997615814209
1,0.5919426083564758
0,0.3297644555568695
0,0.38121312856674194
1,0.9977491497993469
0,0.4372653067111969
1,0.654154896736145
1,0.998141884803772
1,0.9979333877563477
1,0.9951967597007751
1,0.5470814108848572
0,0.2665647566318512
0,0.38525715470314026
1,0.632843554019928
1,0.6566629409790039
1,0.5978877544403076
1,0.9720056653022766
1,0.9986408352851868
0,0.3380754590034485
1,0.7900587320327759
1,0.3693600296974182
1,0.9729300737380981
0,0.5534947514533997
1,0.9999996423721313
0,0.36195826530456543
1,0.9986228942871094
1,0.9959434866905212
1,0.5924023389816284
1,0.6684514284133911
1,0.9960209727287292
1,0.6256272792816162
1,0.9951005578041077
1,0.9942161440849304
1,0.9986578226089478
1,0.9869513511657715
1,0.9983119964599609
1,0.9981712102890015
1,0.4975011646747589
0,0.270053505897522
0,0.3554665744304657
0,0.430804044008255
0,0.4076395034790039
0,0.4034959673881531
0,0.41723212599754333
0,0.5012773275375366
1,0.9987541437149048
0,0.40566834807395935
1,0.6564003825187683
1,0.9829745888710022
1,0.9987748265266418
1,0.6477186679840088
0,0.3498043715953827
0,0.5035405158996582
0,0.4495176076889038
1,0.65558922290802
1,0.5475851893424988
0,0.3595356345176697
0,0.4115256071090698
0,0.3799484074115753
1,0.6438544392585754
0,0.3640546202659607
1,0.9988396763801575
0,0.5097438097000122
0,0.4097846448421478
0,0.4194045662879944
1,0.9967188239097595
1,0.5696213841438293
1,0.6397919058799744
1,0.9671663641929626
1,0.9977594614028931
0,0.4098534882068634
0,0.40534111857414246
0,0.3255595862865448
1,0.6457774639129639
1,0.9973942041397095
1,0.6722246408462524
0,0.38540613651275635
1,0.9966237545013428
1,0.6082631349563599
0,0.5300498008728027
0,0.4215281009674072
1,0.9999996423721313
1,0.9971082806587219
0,0.4191959798336029
1,0.6487571001052856
1,0.5926606059074402
0,0.40718206763267517
0,0.39148736000061035
1,0.9724363088607788
1,0.995857298374176
1,0.6602613925933838
0,0.27077171206474304
1,0.9999997615814209
1,0.9986762404441833
0,0.4276082217693329
1,0.507315993309021
1,0.9985426664352417
0,0.2949308753013611
0,0.41952940821647644
1,0.5071342587471008
1,0.6034699082374573
1,0.998658299446106
1,0.9704781174659729
1,0.9999994039535522
1,0.9999997615814209
0,0.32507267594337463
0,0.40935927629470825
0,0.2928633689880371
0,0.4137987196445465
1,0.9887866377830505
0,0.3660731017589569
1,0.40716227889060974
1,0.9987688660621643
0,0.32123544812202454
1,0.998715877532959
1,0.6551344990730286
0,0.3402470648288727
0,0.4019336700439453
1,0.539891242980957
0,0.3773079216480255
1,0.6287392973899841
1,0.9977743029594421
0,0.41446781158447266
1,0.5035074353218079
1,0.9974035620689392
0,0.5483511090278625
0,0.33467161655426025
0,0.4100722372531891
0,0.4285586178302765
1,0.9921227097511292
0,0.4286764860153198
1,0.993691086769104
0,0.2750359773635864
1,0.6301612257957458
1,0.997708797454834
0,0.3790138363838196
1,0.7120630145072937
1,0.9988068342208862
1,0.5220997333526611
1,0.7296091318130493
0,0.47624915838241577
0,0.4154701828956604
0,0.3815433084964752
1,0.995708703994751
1,0.5104888677597046
0,0.3726285994052887
0,0.4172781705856323
1,0.9984676241874695
1,0.7058544754981995
0,0.3181866705417633
0,0.4102940857410431
0,0.4070029854774475
1,0.99828040599823
1,0.9986352324485779
1,0.9671677947044373
0,0.26328185200691223
1,0.4714367687702179
0,0.37323033809661865
0,0.41790875792503357
0,0.39931371808052063
1,0.9973757266998291
0,0.32496726512908936
0,0.38688769936561584
0,0.5237361192703247
0,0.3616260588169098
1,0.9985931515693665
1,0.6173513531684875
1,0.8594218492507935
1,0.504078209400177
1,0.9901365041732788
0,0.4178030490875244
1,0.6238307952880859
0,0.3072366416454315
0,0.41590774059295654
1,0.5407775640487671
1,0.9949535727500916
1,0.7724814414978027
1,0.6592602729797363
1,0.9980559349060059
0,0.3623315095901489
0,0.4053126275539398
1,0.9970203042030334
1,0.6914238929748535
1,0.5984436273574829
1,0.9964331388473511
1,0.9977288842201233
1,0.9999997615814209
1,0.9678604602813721
1,0.6170238256454468
1,0.6712040305137634
1,0.9980226755142212
1,0.7429840564727783
0,0.4324352741241455
1,0.7316724061965942
1,0.9955211877822876
1,0.6489991545677185
1,0.9979121088981628
1,0.9984554052352905
0,0.3115890920162201
1,0.6293648481369019
0,0.3034084141254425
0,0.3080163300037384
1,0.997229278087616
1,0.7765551209449768
1,0.998914361000061
0,0.3732166290283203
1,0.5069787502288818
1,0.6479777097702026
0,0.426632285118103
0,0.5045871138572693
1,0.608566164970398
1,0.9985007047653198
1,0.6741967797279358
1,0.852925717830658
0,0.3989899754524231
1,0.9987717270851135
0,0.39386236667633057
0,0.6238893866539001
0,0.36110085248947144
0,0.3574201464653015
0,0.41815894842147827
1,0.6428188681602478
1,0.9965012073516846
1,0.9942761063575745
1,0.9999997615814209
1,0.7344704866409302
1,0.9659516215324402
1,0.4979856312274933
1,0.9982482194900513
0,0.376442551612854
0,0.4127359092235565
1,0.9947450160980225
0,0.3782595694065094
1,0.965154230594635
1,0.9971165657043457
1,0.9944655299186707
1,0.9931789636611938
0,0.4192518889904022
1,0.9901264905929565
1,0.5097162127494812
1,0.9983105659484863
0,0.42209726572036743
1,0.9984815716743469
1,0.9988377690315247
1,0.40703022480010986
1,0.6547008752822876
0,0.3475111126899719
1,0.6515751481056213
1,0.9999997615814209
1,0.9970982074737549
0,0.4887644648551941
1,0.9989069700241089
0,0.42155104875564575
0,0.4067946672439575
1,0.5681990385055542
1,0.9911379218101501
1,0.9999992847442627
1,0.9986541271209717
1,0.6477919220924377
1,0.9988125562667847
1,0.9984493255615234
1,0.9999997615814209
1,0.6601254940032959
1,0.9980910420417786
1,0.995215654373169
1,0.998117208480835
0,0.34585893154144287
1,0.9966404438018799
1,0.58098304271698
0,0.5163819789886475
1,0.9984330534934998
1,0.9975294470787048
1,0.9897555708885193
1,0.9986679553985596
0,0.2501869797706604
1,0.997836172580719
0,0.43467867374420166
1,0.9999996423721313
1,0.6845903992652893
0,0.4100918769836426
0,0.34758177399635315
0,0.4038923382759094
1,0.785875141620636
0,0.42263585329055786
1,0.969132125377655
0,0.4494014382362366
0,0.375778466463089
0,0.2798732817173004
1,0.990294337272644
1,0.9809562563896179
1,0.9936920404434204
0,0.34345921874046326
0,0.384615033864975
1,0.9983240962028503
0,0.41438132524490356
1,0.9952750205993652
0,0.3718121647834778
0,0.21002574265003204
1,0.9964931607246399
1,0.7614481449127197
0,0.33017662167549133
1,0.9999997615814209
1,0.619795024394989
1,0.966947078704834
1,0.6225680708885193
0,0.40160107612609863
1,0.6079748868942261
1,0.9963796734809875
0,0.3524865210056305
0,0.41281190514564514
1,0.9960112571716309
1,0.9972666501998901
1,0.9977867603302002
1,0.9999997615814209
1,0.97282874584198
1,0.9988396763801575
0,0.4147171378135681
1,0.6482039093971252
1,0.9986860156059265
1,0.9940488338470459
0,0.6661622524261475
1,0.9981402158737183
1,0.5414401292800903
1,0.9982689619064331
1,0.6303235292434692
1,0.9999997615814209
0,0.40998491644859314
0,0.33298876881599426
1,0.9988137483596802
1,0.6430007219314575
0,0.41231271624565125
0,0.4132094383239746
1,0.6452807188034058
0,0.3355105519294739
1,0.6776081919670105
1,0.995215654373169
1,0.9986196756362915
0,0.4696454703807831
0,0.3493919372558594
1,0.48591843247413635
1,0.3762536942958832
0,0.39208418130874634
0,0.40960413217544556
0,0.4307233691215515
1,0.5561890602111816
1,0.4914107620716095
0,0.5182133913040161
0,0.38824376463890076
0,0.25432977080345154
1,0.9988250136375427
1,0.6773017644882202
0,0.42610669136047363
0,0.27599355578422546
0,0.41057679057121277
1,0.9999995231628418
1,0.9983041286468506
0,0.41901686787605286
1,0.9976983666419983
1,0.9988555908203125
0,0.40535488724708557
0,0.4032455384731293
1,0.5453463196754456
0,0.391059935092926
0,0.37232303619384766
1,0.6124973297119141
0,0.3700447678565979
1,0.46527260541915894
1,0.4183182120323181
1,0.9987144470214844
0,0.5372731685638428
1,0.6007252335548401
0,0.558513343334198
0,0.3700401782989502
0,0.4229726791381836
0,0.21352531015872955
0,0.4239376485347748
0,0.30757954716682434
1,0.9957826137542725
1,0.9982591271400452
1,0.9987199306488037
0,0.6277485489845276
0,0.3282075524330139
1,0.7310948371887207
0,0.498616486787796
1,0.9985561966896057
1,0.6340746283531189
0,0.4915906488895416
1,0.5938581824302673
1,0.9999996423721313
0,0.36822235584259033
1,0.9988588094711304
0,0.42474210262298584
1,0.4851643443107605
0,0.3585258424282074
1,0.997239351272583
1,0.6210707426071167
0,0.40831559896469116
1,0.9986031651496887
0,0.3489099144935608
1,0.5758910775184631
0,0.5279412865638733
1,0.7824839949607849
0,0.4111711382865906
0,0.08552911877632141
0,0.3518626391887665
1,0.9999997615814209
1,0.9942374229431152
1,0.8316309452056885
1,0.8070783019065857
1,0.9999996423721313
1,0.9869834184646606
0,0.513287365436554
1,0.9838832020759583
1,0.3893934190273285
0,0.40992802381515503
1,0.5538365840911865
0,0.06620325148105621
1,0.9966852068901062
0,0.5069751739501953
1,0.9999924898147583
1,0.5007191896438599
0,0.26886725425720215
0,0.5213806629180908
0,0.38320794701576233
1,0.6405633091926575
0,0.07020898163318634
1,0.7308476567268372
0,0.42381125688552856
1,0.9999996423721313
0,0.3835196793079376
1,0.9986349940299988
1,0.9944222569465637
1,0.624600887298584
1,0.647028923034668
0,0.4001454710960388
1,0.38739702105522156
0,0.3959897458553314
0,0.4066959619522095
1,0.7446065545082092
1,0.9986041188240051
0,0.4554905891418457
1,0.9987502098083496
0,0.5098912715911865
0,0.35645660758018494
1,0.6443884372711182
0,0.3681677281856537
0,0.4183424115180969
1,0.9728948473930359
1,0.6404521465301514
0,0.4207930862903595
0,0.3282298743724823
1,0.5575553774833679
1,0.5380758047103882
1,0.9999996423721313
1,0.5149543881416321
1,0.9971164464950562
0,0.28050193190574646
0,0.2909505367279053
1,0.6416399478912354
1,0.9979134202003479
1,0.9962843656539917
1,0.607514500617981
0,0.28173500299453735
1,0.6453931927680969
0,0.4102897644042969
1,0.9979946613311768
1,0.8595988154411316
1,0.9985705614089966
1,0.9986044764518738
1,0.997901439666748
0,0.45608073472976685
0,0.419228196144104
0,0.5440093874931335
1,0.9978359341621399
1,0.6485827565193176
1,0.9977337121963501
1,0.9999994039535522
1,0.5302349328994751
0,0.42006832361221313
1,0.4327012300491333
1,0.6241454482078552
1,0.9682207107543945
0,0.35016486048698425
0,0.4139576852321625
1,0.9982088804244995
1,0.9981056451797485
1,0.9974808096885681
1,0.6402806043624878
0,0.4686005115509033
1,0.9971936941146851
1,0.6484197974205017
0,0.42693114280700684
1,0.6073449850082397
1,0.6294623613357544
0,0.3873550295829773
1,0.9980769157409668
1,0.9986133575439453
1,0.9985276460647583
1,0.998630940914154
0,0.41853639483451843
1,0.656561017036438
1,0.9978731870651245
0,0.28378185629844666
0,0.42793211340904236
1,0.650147557258606
1,0.7514514923095703
1,0.4851853847503662
0,0.45972758531570435
1,0.9665442705154419
1,0.554046094417572
1,0.9984788298606873
1,0.9888379573822021
0,0.49101337790489197
1,0.9975730776786804
1,0.9988877177238464
1,0.9666991233825684
0,0.5410133004188538
1,0.9985514283180237
1,0.9978118538856506
0,0.4013918936252594
0,0.40482813119888306
0,0.34566426277160645
1,0.6660160422325134
1,0.6716083884239197
1,0.998687207698822
1,0.5679441094398499
1,0.9988806843757629
1,0.9983055591583252
0,0.41761207580566406
1,0.9700512886047363
1,0.9952003955841064
0,0.35155561566352844
1,0.9988394379615784
1,0.9701821208000183
0,0.5116403102874756
1,0.6774391531944275
1,0.7383766174316406
1,0.9970968961715698
1,0.980707049369812
1,0.42973488569259644
0,0.4119194746017456
0,0.5090900659561157
1,0.9155938029289246
0,0.515301525592804
0,0.3202984035015106
1,0.9989019632339478
1,0.9671990275382996
0,0.4204692840576172
1,0.9971823692321777
0,0.4270727038383484
1,0.6820036172866821
1,0.5775200724601746
1,0.9999996423721313
0,0.5093041658401489
0,0.5276392102241516
0,0.33407244086265564
0,0.4684125781059265
1,0.4999115765094757
1,0.591549277305603
1,0.969183623790741
1,0.8137342929840088
0,0.3564964532852173
0,0.42243242263793945
1,0.9953539371490479
1,0.9686179161071777
0,0.35797739028930664
0,0.3764178454875946
0,0.41946157813072205
1,0.9567339420318604
1,0.9682406783103943
1,0.6390144228935242
1,0.9989436268806458
1,0.6496188640594482
1,0.7379550337791443
1,0.9900199174880981
0,0.41073450446128845
0,0.3842313587665558
1,0.9937670230865479
0,0.4231513440608978
1,0.9988621473312378
0,0.3382141590118408
0,0.393572598695755
1,0.9988640546798706
1,0.9987185001373291
0,0.4126192033290863
1,0.4443892538547516
0,0.5058808922767639
0,0.41786250472068787
1,0.9726889729499817
1,0.9986677169799805
0,0.5142570734024048
1,0.9910187721252441
1,0.9999996423721313
1,0.9988642930984497
1,0.995870053768158
0,0.41364747285842896
1,0.9989237189292908
1,0.9985412359237671
1,0.6196041703224182
1,0.9999982118606567
0,0.37846484780311584
1,0.9758579730987549
0,0.5022009611129761
1,0.5746865272521973
1,0.4706710875034332
1,0.6443688273429871
0,0.4166888892650604
1,0.6044914126396179
0,0.3840164542198181
0,0.3002844750881195
1,0.4630609154701233
1,0.9963220357894897
1,0.5298182964324951
0,0.45451900362968445
0,0.39985135197639465
0,0.3991371989250183
0,0.3521687686443329
0,0.27623969316482544
1,0.9988327622413635
1,0.4041021466255188
0,0.4217260777950287
0,0.5220981240272522
1,0.9978633522987366
1,0.6738168001174927
1,0.6580043435096741
1,0.9706851840019226
0,0.39283955097198486
0,0.3953914940357208
1,0.9999996423721313
0,0.3775828182697296
1,0.9699095487594604
0,0.46894100308418274
1,0.5445669889450073
1,0.636440098285675
1,0.6442856192588806
1,0.5145037174224854
1,0.9999986886978149
0,0.2109697163105011
1,0.9983201622962952
1,0.6037068367004395
0,0.4089210331439972
1,0.9949313998222351
0,0.3815861940383911
0,0.4091659486293793
1,0.5404133200645447
1,0.5569896101951599
1,0.3565540909767151
1,0.46420058608055115
1,0.9988079071044922
1,0.9684174060821533
1,0.9984295964241028
0,0.41503438353538513
1,0.48520419001579285
1,0.6637575626373291
1,0.9966675639152527
1,0.9999997615814209
1,0.6598371267318726
1,0.9685035347938538
0,0.5119014382362366
1,0.9974790215492249
0,0.47069913148880005
0,0.40907642245292664
1,0.9979804158210754
1,0.9983799457550049
1,0.9968254566192627
0,0.36547985672950745
0,0.41376981139183044
0,0.4105425775051117
0,0.3706876337528229
1,0.7429808974266052
1,0.9963253140449524
1,0.9687116742134094
0,0.49969953298568726
1,0.4867607057094574
1,0.6082857847213745
0,0.5063080191612244
0,0.5271205306053162
1,0.9984561204910278
1,0.9978383183479309
1,0.393541544675827
0,0.41256624460220337
1,0.9905451536178589
1,0.9952579140663147
0,0.3289022445678711
1,0.9853396415710449
0,0.33882954716682434
1,0.998237133026123
0,0.3516649901866913
1,0.998161256313324
0,0.39804336428642273
1,0.6567425727844238
1,0.9955025315284729
1,0.9974504113197327
0,0.09114210307598114
1,0.9986552000045776
1,0.9988170862197876
1,0.7911993265151978
0,0.418904185295105
1,0.6501675844192505
1,0.539297878742218
1,0.9982263445854187
1,0.639817476272583
1,0.6154759526252747
0,0.4155237376689911
0,0.43254464864730835
1,0.864067554473877
1,0.9999997615814209
1,0.5631386041641235
0,0.37260934710502625
1,0.9999996423721313
0,0.5290128588676453
1,0.9943775534629822
1,0.9938503503799438
0,0.4269461929798126
0,0.2576363682746887
1,0.5956761240959167
0,0.40523451566696167
1,0.6520686745643616
1,0.9988688826560974
0,0.5218603610992432
0,0.5206208229064941
1,0.9974175691604614
1,0.9999991655349731
1,0.6678935289382935
0,0.5070545673370361
1,0.4210089445114136
1,0.7509425282478333
1,0.6270899772644043
0,0.3664931058883667
0,0.4046674966812134
1,0.809386670589447
1,0.9949228167533875
0,0.42961230874061584
1,0.678125262260437
1,0.9977783560752869
1,0.5903686881065369
0,0.26561054587364197
0,0.35664501786231995
1,0.9999992847442627
0,0.40571466088294983
1,0.9963682889938354
0,0.37369436025619507
0,0.3356930911540985
1,0.46962180733680725
1,0.9981415271759033
1,0.6167574524879456
1,0.995459258556366
0,0.42124584317207336
0,0.4826418161392212
1,0.5623851418495178
1,0.9990412592887878
1,0.9970043301582336
1,0.9999996423721313
1,0.9888107776641846
0,0.36099934577941895
1,0.9989029169082642
0,0.42920902371406555
0,0.3651026487350464
1,0.6380739808082581
1,0.6144586205482483
0,0.3676329553127289
0,0.48617684841156006
0,0.370597243309021
1,0.5884785652160645
1,0.9947516322135925
1,0.9952248334884644
0,0.41563642024993896
0,0.4094024896621704
0,0.4021584093570709
0,0.41869282722473145
1,0.9983215928077698
1,0.9974798560142517
0,0.41013580560684204
1,0.6261033415794373
1,0.9999997615814209
1,0.9982193112373352
0,0.3541521430015564
1,0.6208606958389282
0,0.35869795083999634
1,0.6698328256607056
1,0.9999997615814209
1,0.47961634397506714
1,0.6083465218544006
1,0.9980892539024353
1,0.9704225063323975
1,0.9676597118377686
1,0.5564982891082764
0,0.356176495552063
0,0.3547116816043854
0,0.08419188857078552
0,0.40840476751327515
1,0.9987795948982239
0,0.352734237909317
0,0.4152970016002655
1,0.5959882736206055
1,0.9975343942642212
1,0.9968075752258301
1,0.9985803365707397
0,0.36972111463546753
1,0.5962119698524475
1,0.9958851933479309
1,0.7105181217193604
1,0.9681441783905029
0,0.3567875027656555
1,0.9971628785133362
1,0.9978309273719788
0,0.3808557987213135
1,0.6497248411178589
1,0.9988229870796204
1,0.9915905594825745
0,0.3704419434070587
0,0.3706454634666443
1,0.9979239702224731
1,0.9988507032394409
0,0.30054807662963867
1,0.9982072114944458
1,0.9917352199554443
0,0.42896825075149536
0,0.5225796699523926
1,0.9680718779563904
1,0.9983528852462769
0,0.3012188971042633
0,0.3706029951572418
0,0.27817776799201965
0,0.5004920959472656
1,0.43851226568222046
0,0.5076360106468201
1,0.9675653576850891
1,0.9976651668548584
0,0.4170321226119995
1,0.7222685217857361
1,0.9984495639801025
1,0.6757561564445496
1,0.9975541234016418
0,0.41851943731307983
1,0.6439267992973328
1,0.9946969747543335
1,0.9958248138427734
1,0.45750686526298523
1,0.9974385499954224
1,0.730684220790863
1,0.9999991655349731
0,0.31624457240104675
0,0.41289642453193665
1,0.6289420127868652
1,0.9990023970603943
0,0.545822262763977
1,0.794387936592102
0,0.41878750920295715
1,0.9968896508216858
0,0.5426328778266907
0,0.41909027099609375
1,0.9976723790168762
1,0.45286867022514343
0,0.4090794622898102
0,0.410510390996933
0,0.6145020723342896
1,0.5091234445571899
1,0.6453762054443359
1,0.6489199995994568
1,0.9999991655349731
1,0.9999986886978149
1,0.9988538026809692
1,0.9722068309783936
1,0.9922818541526794
1,0.6207229495048523
0,0.4082612693309784
0,0.3742905855178833
1,0.6642372012138367
0,0.49805518984794617
1,0.9965708255767822
1,0.9983533620834351
0,0.41488951444625854
1,0.9972399473190308
1,0.541621744632721
0,0.3264089822769165
0,0.3655509650707245
1,0.9892106056213379
0,0.31258997321128845
1,0.9971154928207397
1,0.5153079628944397
1,0.9721943140029907
1,0.9965316653251648
0,0.27627241611480713
1,0.9964842796325684
1,0.9977795481681824
1,0.9740265607833862
0,0.3297903537750244
1,0.9675796627998352
1,0.9727988839149475
0,0.3658446967601776
1,0.7418420314788818
1,0.6302672624588013
1,0.9987481832504272
1,0.999998927116394
0,0.5775015950202942
1,0.6996119022369385
0,0.40184763073921204
1,0.9982277750968933
0,0.07015223801136017
0,0.39392581582069397
1,0.9980474710464478
0,0.36088329553604126
1,0.9977953433990479
1,0.9982245564460754
0,0.4557648003101349
1,0.9982720613479614
0,0.4099227488040924
1,0.9936331510543823
0,0.39294421672821045
0,0.32822880148887634
1,0.991262674331665
0,0.38006308674812317
0,0.36293724179267883
1,0.5414254069328308
1,0.9968743324279785
0,0.21407723426818848
1,0.8227126002311707
1,0.9983579516410828
0,0.3420039713382721
1,0.9987493753433228
1,0.44534823298454285
1,0.9951005578041077
0,0.3682006895542145
0,0.3661562502384186
1,0.9999986886978149
0,0.36089980602264404
0,0.3784199655056
1,0.9950636029243469
0,0.417743980884552
1,0.9988322854042053
1,0.4755609631538391
0,0.340670108795166
1,0.6659848690032959
0,0.3019469380378723
1,0.4057942032814026
1,0.6297855973243713
1,0.8199399709701538
1,0.6428757309913635
1,0.46831458806991577
1,0.998450756072998
1,0.4613020420074463
0,0.26896655559539795
0,0.3459151089191437
1,0.9999997615814209
0,0.44372984766960144
0,0.4046468734741211
1,0.968917965888977
0,0.09795480966567993
1,0.9811127185821533
0,0.23069410026073456
0,0.37833887338638306
1,0.998474657535553
1,0.9987416863441467
0,0.43006953597068787
1,0.998199462890625
0,0.42520880699157715
1,0.5944855213165283
1,0.6499050855636597
1,0.9988724589347839
1,0.6653087735176086
0,0.3676762282848358
0,0.43498075008392334
1,0.9925650358200073
1,0.38374054431915283
1,0.9964169263839722
0,0.38651329278945923
1,0.4861353635787964
0,0.34358543157577515
0,0.35515791177749634
1,0.9938217401504517
1,0.4786287844181061
0,0.35763800144195557
1,0.9953781366348267
0,0.41707274317741394
1,0.5358456373214722
1,0.9988409876823425
1,0.9999996423721313
0,0.36109501123428345
1,0.9717296957969666
0,0.26677650213241577
1,0.9987621307373047
1,0.7806756496429443
0,0.3398734927177429
0,0.2390962541103363
1,0.9889929890632629
1,0.998187243938446
1,0.9982500672340393
1,0.6874186992645264
0,0.34612950682640076
0,0.2936815619468689
0,0.29426050186157227
1,0.9999991655349731
1,0.9976165294647217
1,0.9983550906181335
0,0.3751675486564636
1,0.9987849593162537
0,0.52953040599823
0,0.3498899042606354
1,0.9698804020881653
0,0.42825061082839966
1,0.4796410799026489
0,0.42447906732559204
0,0.4129072427749634
0,0.21638119220733643
1,0.9978997707366943
1,0.5863533616065979
0,0.4085582494735718
1,0.9999996423721313
1,0.7062070369720459
1,0.9977130889892578
1,0.9923336505889893
0,0.3630257248878479
0,0.5120449066162109
1,0.9999997615814209
1,0.4553399085998535
0,0.35787466168403625
0,0.33222100138664246
0,0.44197961688041687
0,0.4148263931274414
1,0.49952074885368347
0,0.4093253016471863
0,0.46529632806777954
0,0.5094547271728516
1,0.9999992847442627
1,0.97877436876297
0,0.519043505191803
0,0.29322028160095215
0,0.4075588285923004
0,0.2639027237892151
1,0.9958654642105103
1,0.9934288859367371
1,0.5407634377479553
0,0.3529272973537445
1,0.6116088032722473
1,0.9983477592468262
1,0.9987087249755859
0,0.4196088910102844
1,0.6587756276130676
1,0.6332263946533203
0,0.38137736916542053
1,0.9801929593086243
1,0.6516495943069458
0,0.2761603891849518
1,0.7364988327026367
0,0.4061056971549988
1,0.9984084963798523
1,0.9144224524497986
0,0.38359037041664124
1,0.9665696024894714
1,0.9983683228492737
1,0.9984024167060852
1,0.9983459711074829
0,0.3816272020339966
1,0.5974564552307129
0,0.4073553681373596
1,0.6386055946350098
1,0.477716863155365
1,0.9983073472976685
1,0.6339329481124878
0,0.5066042542457581
1,0.7659095525741577
0,0.403750479221344
0,0.06765133887529373
0,0.36363768577575684
0,0.40341460704803467
1,0.6462743878364563
1,0.9987241625785828
0,0.4636704921722412
0,0.3984018862247467
0,0.39159059524536133
0,0.3813972473144531
1,0.692203164100647
1,0.96770179271698
1,0.9903870224952698
1,0.9999996423721313
0,0.10243793576955795
1,0.9952852129936218
0,0.36117345094680786
1,0.5919216871261597
0,0.3776758909225464
1,0.9935061931610107
0,0.3452097177505493
1,0.6342307925224304
1,0.9978386759757996
1,0.9980340600013733
1,0.8689470291137695
0,0.35998862981796265
0,0.5554969310760498
0,0.3606414198875427
0,0.3649402856826782
1,0.9987813830375671
1,0.5778346657752991
1,0.6730309724807739
1,0.9968324303627014
1,0.6746503114700317
1,0.5079025030136108
0,0.11545579880475998
1,0.998866081237793
1,0.9986133575439453
0,0.6030110716819763
0,0.4633113145828247
0,0.367265909910202
0,0.38696885108947754
1,0.8168953061103821
1,0.591823160648346
1,0.41583797335624695
1,0.9981316924095154
0,0.368313729763031
1,0.9678388833999634
1,0.9986384510993958
1,0.9663455486297607
1,0.9915972352027893
0,0.33975711464881897
0,0.36275577545166016
1,0.6536547541618347
1,0.740736186504364
0,0.43058285117149353
1,0.9984248876571655
1,0.9969308972358704
1,0.9986615180969238
1,0.999998927116394
1,0.6235969066619873
1,0.9974422454833984
0,0.25734806060791016
1,0.8377789855003357
1,0.9959982633590698
1,0.9978395700454712
1,0.5362498760223389
1,0.9967107772827148
0,0.41652756929397583
0,0.30713534355163574
1,0.6413416862487793
1,0.5007836818695068
1,0.998734176158905
0,0.5044398903846741
1,0.8900096416473389
0,0.4095414876937866
1,0.9955968260765076
1,0.9850661754608154
1,0.998004138469696
0,0.09612303227186203
0,0.41673505306243896
0,0.4754650890827179
1,0.5694071054458618
1,0.9983164072036743
0,0.4105375409126282
0,0.30611279606819153
1,0.6227733492851257
1,0.6332665085792542
1,0.9956803321838379
1,0.9972977042198181
1,0.6090227961540222
1,0.6291407346725464
0,0.5169342160224915
0,0.5294790267944336
1,0.9721307754516602
0,0.3398374319076538
0,0.4104105234146118
1,0.9984934329986572
1,0.7207784056663513
1,0.9983808994293213
0,0.3781527578830719
1,0.9999997615814209
1,0.9987514019012451
1,0.9976277947425842
0,0.3338864743709564
1,0.48157206177711487
0,0.27286839485168457
1,0.968838095664978
1,0.9968253374099731
1,0.998126208782196
1,0.7544893622398376
0,0.41743314266204834
1,0.6573023796081543
0,0.521490752696991
1,0.7933312058448792
1,0.5879365801811218
1,0.9982878565788269
0,0.34772467613220215
1,0.986189067363739
1,0.5102193355560303
1,0.6620228290557861
0,0.41091111302375793
1,0.9981715679168701
1,0.6527017951011658
1,0.9983959794044495
1,0.9982210993766785
0,0.32569420337677
1,0.9950968623161316
1,0.647457480430603
0,0.3985203504562378
1,0.9980656504631042
1,0.9999997615814209
1,0.9731143712997437
1,0.790036678314209
1,0.5964736342430115
1,0.9916090369224548
1,0.9975190162658691
1,0.6344112157821655
0,0.5540193319320679
1,0.9999996423721313
1,0.5629018545150757
1,0.8450450301170349
1,0.9978753328323364
1,0.6517078280448914
1,0.9671790599822998
1,0.9999997615814209
0,0.4531729221343994
1,0.6476141214370728
1,0.9833670854568481
1,0.622660756111145
1,0.6559678316116333
0,0.32938525080680847
0,0.5542384386062622
1,0.9968662858009338
0,0.3761557936668396
0,0.5019159913063049
1,0.9877192974090576
1,0.9979509711265564
1,0.9981995820999146
1,0.9981556534767151
1,0.9946560859680176
1,0.9483179450035095
0,0.41154441237449646
1,0.9989050626754761
1,0.5978670716285706
1,0.9999985694885254
1,0.7317072749137878
1,0.4925369620323181
1,0.6308681964874268
1,0.9883419871330261
1,0.6090019345283508
0,0.5201131105422974
0,0.4274386465549469
1,0.6432722806930542
0,0.332359254360199
0,0.3605305850505829
1,0.9946905970573425
1,0.9874444007873535
1,0.6567654609680176
0,0.4173712432384491
0,0.2207813560962677
1,0.9973238706588745
0,0.3621087372303009
0,0.32124507427215576
1,0.9981971383094788
0,0.4018729031085968
1,0.9986605644226074
0,0.5246692299842834
0,0.3029748499393463
1,0.40249356627464294
0,0.5196145176887512
0,0.35773965716362
1,0.9980151653289795
1,0.9983423948287964
0,0.4707273542881012
1,0.9984124898910522
1,0.9986440539360046
0,0.43000006675720215
1,0.9985308647155762
0,0.3579431176185608
0,0.5285651683807373
1,0.9992050528526306
0,0.409409761428833
1,0.6455006003379822
1,0.46117115020751953
1,0.6333101391792297
1,0.9982737302780151
0,0.35719355940818787
1,0.9964970946311951
1,0.9987910389900208
0,0.1888183206319809
1,0.9980923533439636
1,0.4926532506942749
1,0.9974485039710999
0,0.384334534406662
0,0.43693962693214417
0,0.3769187033176422
1,0.6217830181121826
0,0.31028902530670166
1,0.6350998878479004
0,0.5157318115234375
0,0.38588035106658936
1,0.9984248876571655
1,0.9953433275222778
1,0.9990471005439758
1,0.9855833053588867
0,0.4289844036102295
1,0.997810423374176
0,0.34113889932632446
0,0.36527878046035767
1,0.6564546227455139
0,0.4235277771949768
1,0.4819355010986328
1,0.6028862595558167
0,0.3374023735523224
1,0.9983178377151489
1,0.5841653347015381
1,0.9982441663742065
1,0.9999997615814209
0,0.314911425113678
1,0.9987972974777222
1,0.637308657169342
0,0.41740286350250244
1,0.9915259480476379
0,0.5049164295196533
0,0.41773489117622375
1,0.6581107378005981
1,0.9978845715522766
0,0.09784664213657379
1,0.6272737979888916
0,0.3514402210712433
1,0.5743644833564758
0,0.49463382363319397
1,0.6629107594490051
1,0.9694676995277405
1,0.6298272013664246
1,0.9999997615814209
1,0.9690545201301575
0,0.2830859422683716
1,0.6006665825843811
0,0.5040639638900757
1,0.9999986886978149
0,0.40996038913726807
1,0.9970212578773499
1,0.9978653788566589
1,0.5528512001037598
1,0.761139988899231
0,0.35210171341896057
1,0.9984971284866333
1,0.4697088301181793
1,0.9985905289649963
1,0.9981275200843811
1,0.9981943964958191
0,0.4213626980781555
1,0.607425332069397
1,0.9974134564399719
1,0.9992017149925232
1,0.6447103023529053
0,0.4175993800163269
0,0.3541819155216217
1,0.9999992847442627
0,0.4253959059715271
0,0.5331857204437256
1,0.9999996423721313
1,0.49963316321372986
0,0.41238415241241455
1,0.6938256621360779
1,0.4833514988422394
0,0.4127110540866852
1,0.998363196849823
0,0.36130839586257935
1,0.6228847503662109
1,0.998121440410614
0,0.3904193639755249
1,0.6356945633888245
0,0.3642769753932953
1,0.6494572162628174
1,0.9980074763298035
1,0.9971663355827332
1,0.6099169254302979
0,0.2559269666671753
1,0.4769670367240906
0,0.4163225591182709
1,0.9644971489906311
1,0.998310923576355
0,0.36141321063041687
0,0.32909607887268066
0,0.4089161455631256
0,0.5097342729568481
1,0.9962190985679626
0,0.07075963914394379
1,0.632854700088501
1,0.9968987703323364
1,0.9682325720787048
1,0.9999997615814209
0,0.10332497954368591
1,0.5787095427513123
0,0.40659090876579285
0,0.4608984589576721
1,0.9988206028938293
1,0.9961052536964417
1,0.9983078241348267
0,0.412693589925766
1,0.7412757873535156
1,0.9955403208732605
1,0.9999996423721313
1,0.6514455080032349
1,0.4869125187397003
0,0.41283413767814636
0,0.2951480746269226
0,0.4023754596710205
0,0.4423316717147827
1,0.9873973727226257
1,0.9975078105926514
1,0.5959072709083557
1,0.6289810538291931
1,0.5362113118171692
1,0.9975399971008301
1,0.9985517859458923
1,0.6342638731002808
1,0.8333215713500977
1,0.9987945556640625
0,0.2656286060810089
1,0.9882845878601074
1,0.9984387755393982
1,0.9968163371086121
0,0.37600377202033997
0,0.48202356696128845
1,0.9983651041984558
1,0.961894154548645
0,0.39118245244026184
0,0.34927478432655334
0,0.5096480250358582
1,0.997343122959137
1,0.6611401438713074
1,0.6237180829048157
1,0.7259763479232788
1,0.9958535432815552
1,0.744900643825531
1,0.7761529088020325
1,0.9878607392311096
1,0.5268095135688782
1,0.9999997615814209
1,0.9999995231628418
1,0.9658910036087036
1,0.9987828135490417
0,0.37025535106658936
0,0.2566796541213989
1,0.4202985167503357
1,0.9984378218650818
1,0.4805567264556885
1,0.9984173774719238
1,0.998789370059967
1,0.9971843361854553
0,0.35000067949295044
0,0.32834041118621826
1,0.6401461958885193
0,0.4124906063079834
1,0.8097767233848572
1,0.9982810020446777
0,0.5208823084831238
1,0.9999997615814209
1,0.9984714388847351
0,0.41226479411125183
0,0.34457913041114807
0,0.2752722203731537
0,0.35743242502212524
0,0.257682204246521
1,0.9859763383865356
1,0.3864366114139557
1,0.9988460540771484
1,0.6441513895988464
0,0.41033557057380676
1,0.5656965374946594
0,0.5212340950965881
0,0.33589762449264526
1,0.9845198392868042
0,0.3076587915420532
1,0.6234646439552307
1,0.9999997615814209
1,0.9976193308830261
0,0.339589923620224
0,0.3715614080429077
0,0.4174988865852356
1,0.6353517770767212
0,0.4128308892250061
0,0.38691776990890503
1,0.47938665747642517
1,0.629605233669281
1,0.9931930899620056
1,0.46682628989219666
0,0.360763818025589
0,0.3294147849082947
1,0.9999986886978149
0,0.3369908928871155
0,0.4032176733016968
1,0.9987545013427734
1,0.9988973140716553
0,0.3215946853160858
1,0.9729931354522705
1,0.9936025738716125
0,0.40799611806869507
1,0.9999996423721313
1,0.9960926175117493
1,0.6333417892456055
0,0.35937193036079407
1,0.5062003135681152
1,0.9920297861099243
1,0.9648138880729675
0,0.06730891764163971
0,0.3923329710960388
1,0.9983763694763184
1,0.9976071119308472
0,0.5204738974571228
1,0.9999985694885254
1,0.637353777885437
1,0.6452181339263916
0,0.4335412085056305
1,0.985445499420166
0,0.5612776875495911
1,0.9682230353355408
1,0.6490628123283386
1,0.9974911212921143
0,0.30094534158706665
0,0.3241378962993622
0,0.31884658336639404
0,0.4184038043022156
1,0.9999991655349731
0,0.38347354531288147
0,0.48706457018852234
1,0.7323328256607056
0,0.4095025956630707
1,0.6060945391654968
0,0.3198186755180359
0,0.4908369779586792
0,0.4153077304363251
0,0.34166988730430603
1,0.5964145064353943
1,0.9987090826034546
0,0.2711620330810547
1,0.5420593619346619
1,0.998306155204773
0,0.7223517894744873
1,0.9974387884140015
0,0.4004729688167572
1,0.998464822769165
0,0.24529576301574707
1,0.6440337896347046
1,0.659589409828186
1,0.9988460540771484
1,0.5725906491279602
1,0.6394496560096741
1,0.9961280226707458
1,0.9984740614891052
1,0.636816680431366
0,0.3480568528175354
1,0.58453369140625
1,0.7752256393432617
1,0.9978010058403015
0,0.32346802949905396
0,0.3596131503582001
0,0.4957258403301239
0,0.38413238525390625
1,0.9681729674339294
1,0.9437353610992432
1,0.5444254279136658
1,0.6631630659103394
0,0.5197535157203674
0,0.35782933235168457
1,0.9999982118606567
0,0.33641916513442993
0,0.34916695952415466
0,0.5116811394691467
0,0.24744993448257446
0,0.27077171206474304
1,0.6042320728302002
0,0.41654717922210693
0,0.2649689018726349
1,0.9896419644355774
1,0.9981321692466736
1,0.48512595891952515
1,0.9999986886978149
0,0.27544084191322327
1,0.9734643697738647
1,0.8255811333656311
1,0.9986542463302612
0,0.32414156198501587
1,0.40674760937690735
1,0.49586009979248047
0,0.34427610039711
0,0.31563258171081543
1,0.6042407751083374
1,0.9982041120529175
1,0.9984167814254761
1,0.7298118472099304
0,0.5542331337928772
1,0.994804322719574
1,0.9978294968605042
1,0.9750527739524841
0,0.43151432275772095
1,0.9978944659233093
0,0.38704490661621094
0,0.33279654383659363
0,0.4205482602119446
1,0.998809814453125
0,0.36088359355926514
1,0.9983867406845093
1,0.9973903298377991
1,0.9979054927825928
0,0.3671932518482208
0,0.49315696954727173
1,0.9968998432159424
0,0.4134281575679779
1,0.9989087581634521
1,0.997018575668335
0,0.2758730947971344
1,0.6442173719406128
1,0.9803942441940308
1,0.5063641667366028
1,0.8552173376083374
1,0.9961658716201782
1,0.8870777487754822
1,0.6277302503585815
1,0.9999996423721313
0,0.4083763062953949
0,0.40753018856048584
0,0.40205511450767517
1,0.5016661882400513
0,0.3278351128101349
1,0.7341985702514648
0,0.38619285821914673
0,0.35292717814445496
0,0.375305712223053
1,0.9986057877540588
1,0.9749329686164856
0,0.4082692861557007
0,0.34928005933761597
1,0.6924560070037842
1,0.9987002611160278
0,0.40803369879722595
1,0.9984849095344543
1,0.9982374906539917
1,0.9984315037727356
1,0.49058693647384644
0,0.4626348614692688
1,0.9983007311820984
1,0.6758038401603699
0,0.4643917977809906
1,0.5411533713340759
1,0.9984673857688904
0,0.37813854217529297
1,0.6392971873283386
1,0.28675130009651184
1,0.9983698725700378
0,0.3933708667755127
0,0.4094686806201935
0,0.31328368186950684
1,0.9981593489646912
1,0.8227411508560181
0,0.41813603043556213
1,0.5259047150611877
0,0.5090597867965698
0,0.18169915676116943
1,0.9979948997497559
1,0.5776745676994324
0,0.35944822430610657
1,0.9981380701065063
1,0.9022960662841797
1,0.9986553192138672
0,0.4094836413860321
1,0.5397573709487915
1,0.9986158609390259
1,0.5781474113464355
1,0.9984632730484009
1,0.9958353042602539
1,0.6973931789398193
0,0.5050737261772156
0,0.4078478217124939
0,0.3340686857700348
0,0.4923122525215149
1,0.9988436698913574
0,0.4201943278312683
1,0.996573805809021
1,0.9940563440322876
1,0.9976112842559814
1,0.9694892168045044
1,0.6081127524375916
1,0.9731552600860596
0,0.377573698759079
1,0.63140469789505
1,0.7076299786567688
0,0.32214006781578064
0,0.5076785087585449
1,0.6400771141052246
0,0.3417881727218628
0,0.3404732346534729
1,0.6423447132110596
1,0.9969595670700073
0,0.46088412404060364
1,0.9986345171928406
1,0.998683512210846
1,0.569460391998291
0,0.4296032190322876
0,0.3220289945602417
1,0.6539815068244934
1,0.9721314907073975
1,0.9984793066978455
1,0.9982530474662781
0,0.39763760566711426
1,0.6458146572113037
1,0.9999996423721313
1,0.5968239903450012
1,0.6029728055000305
1,0.5818613767623901
1,0.732647716999054
1,0.9977820515632629
1,0.6847810745239258
0,0.28355085849761963
0,0.56228107213974
0,0.504145085811615
1,0.9980899691581726
0,0.5323159694671631
1,0.636448860168457
0,0.4198540449142456
1,0.6541746258735657
0,0.40232548117637634
1,0.9966219663619995
1,0.9934317469596863
1,0.9720571041107178
1,0.9982404708862305
1,0.9906660914421082
0,0.3413803279399872
1,0.9986660480499268
1,0.6301437020301819
1,0.9987766146659851
0,0.520293116569519
1,0.9732645750045776
1,0.6058965921401978
1,0.998620867729187
1,0.7871286869049072
1,0.631959855556488
1,0.636638343334198
0,0.4817524552345276
1,0.9982839226722717
1,0.9887586832046509
1,0.998761773109436
1,0.9990155696868896
1,0.9987720847129822
1,0.9983891248703003
1,0.8178825974464417
0,0.4393101930618286
1,0.9987842440605164
0,0.41735315322875977
1,0.969987154006958
1,0.6473187804222107
1,0.4394829571247101
1,0.9986510872840881
0,0.4062732756137848
1,0.9936110377311707
1,0.9976502060890198
1,0.5861968994140625
1,0.5921035408973694
1,0.9986240863800049
0,0.4116247594356537
0,0.35976114869117737
1,0.993119478225708
1,0.9988338351249695
0,0.3969009816646576
1,0.998354434967041
1,0.9970446228981018
1,0.4705226719379425
1,0.9976499676704407
1,0.46261224150657654
1,0.4708821475505829
0,0.31887882947921753
1,0.611262857913971
0,0.42534688115119934
1,0.9999997615814209
1,0.5173496603965759
1,0.9989550113677979
1,0.99882572889328
0,0.5171210169792175
0,0.5549591779708862
1,0.9964147806167603
0,0.33889275789260864
0,0.27578678727149963
0,0.33415743708610535
0,0.34120216965675354
1,0.5324037075042725
1,0.5857211947441101
0,0.326517254114151
0,0.3059096932411194
1,0.9984788298606873
0,0.42401090264320374
1,0.6219977736473083
0,0.3234919011592865
0,0.4112546443939209
0,0.546015739440918
1,0.55833500623703
1,0.996720016002655
1,0.9669899940490723
0,0.523605465888977
1,0.40900665521621704
0,0.7429674863815308
1,0.6411493420600891
1,0.9971563816070557
0,0.49788951873779297
1,0.9999997615814209
0,0.33151745796203613
0,0.4158431589603424
0,0.3784444034099579
1,0.9999997615814209
1,0.8521414399147034
1,0.9754982590675354
1,0.9915771484375
1,0.633342444896698
1,0.9989407658576965
0,0.4210066795349121
1,0.7400735020637512
1,0.6420889496803284
1,0.6488023400306702
0,0.19101689755916595
1,0.9985359907150269
1,0.9999995231628418
0,0.5043280720710754
1,0.609711766242981
1,0.9946664571762085
0,0.3694186806678772
0,0.36480650305747986
1,0.9973065853118896
0,0.38668540120124817
1,0.6376743316650391
0,0.35783833265304565
0,0.5604893565177917
1,0.993569016456604
0,0.41910600662231445
1,0.9973047971725464
1,0.9707338213920593
0,0.37398087978363037
0,0.5013723373413086
1,0.9989086389541626
1,0.6343149542808533
1,0.9980615973472595
0,0.32766667008399963
1,0.9983654618263245
1,0.9999996423721313
1,0.6104589104652405
1,0.42863622307777405
0,0.3845687806606293
1,0.9985193610191345
0,0.4037300646305084
1,0.9698686003684998
1,0.998698353767395
1,0.998576283454895
0,0.3346838355064392
0,0.33523663878440857
0,0.5599639415740967
0,0.5632259845733643
0,0.38432204723358154
0,0.33231547474861145
1,0.6374669075012207
0,0.45923876762390137
1,0.7039093375205994
1,0.9987398982048035
1,0.9951005578041077
1,0.4527411460876465
1,0.9980717301368713
1,0.6837190389633179
1,0.9980373978614807
1,0.5278943777084351
1,0.40749281644821167
1,0.9955720901489258
1,0.995274543762207
0,0.29844531416893005
0,0.25373202562332153
1,0.6481350064277649
1,0.971271276473999
1,0.9983185529708862
1,0.6490386724472046
1,0.9975551962852478
1,0.9969688057899475
0,0.2779252231121063
0,0.29770413041114807
1,0.9988940358161926
0,0.4052550494670868
1,0.9976752400398254
1,0.9703390002250671
1,0.5180293917655945
1,0.8787658214569092
1,0.9983545541763306
1,0.9988222718238831
1,0.638495922088623
0,0.5048648715019226
1,0.6501548290252686
0,0.3634607791900635
1,0.9988048076629639
0,0.331321656703949
1,0.47025084495544434
1,0.5207787752151489
1,0.9970781803131104
0,0.2508474290370941
1,0.445198118686676
1,0.630587100982666
1,0.6326960325241089
1,0.9975296854972839
0,0.40830713510513306
1,0.9972800016403198
1,0.9986145496368408
1,0.5787778496742249
1,0.4711613655090332
1,0.6391687393188477
1,0.6217349171638489
0,0.26790690422058105
0,0.5092304944992065
1,0.5256059169769287
0,0.476237416267395
0,0.39674702286720276
0,0.3305007517337799
1,0.7527720332145691
0,0.31548452377319336
1,0.9909509420394897
1,0.969015896320343
1,0.998927652835846
1,0.9975608587265015
1,0.7377749085426331
1,0.9616672396659851
0,0.43834829330444336
0,0.3764951527118683
0,0.36270657181739807
0,0.41228464245796204
1,0.5882323980331421
1,0.6743135452270508
1,0.9925561547279358
1,0.9706746339797974
0,0.35436511039733887
0,0.32902342081069946
0,0.35627731680870056
1,0.6421874761581421
0,0.30355748534202576
0,0.4104091227054596
1,0.62820965051651
1,0.9530400633811951
1,0.6321563124656677
1,0.9978138208389282
0,0.417325496673584
1,0.7076039910316467
1,0.6090403199195862
1,0.6851149797439575
1,0.997554361820221
1,0.9629523158073425
0,0.5667931437492371
1,0.9984816908836365
1,0.9958742260932922
1,0.6070097088813782
1,0.5971753597259521
1,0.9999985694885254
1,0.9999997615814209
0,0.41184496879577637
1,0.9842979311943054
1,0.9902511835098267
1,0.46163612604141235
1,0.9989676475524902
0,0.49493104219436646
1,0.9999988079071045
1,0.5486032366752625
0,0.48667407035827637
0,0.4147833287715912
1,0.7931898832321167
0,0.3251802623271942
0,0.30428728461265564
1,0.9916746020317078
1,0.6471031308174133
1,0.7779887914657593
1,0.9988722205162048
1,0.9706832766532898
1,0.7938179969787598
1,0.6007353067398071
0,0.3777506947517395
1,0.64837247133255
1,0.7010775804519653
1,0.9929335117340088
0,0.5242770314216614
0,0.5035313963890076
1,0.9684388637542725
1,0.4925001859664917
1,0.9982002973556519
1,0.5366109609603882
1,0.9967396855354309
0,0.4083285629749298
1,0.6135141849517822
1,0.9694668054580688
0,0.36921972036361694
0,0.40829339623451233
0,0.5198299288749695
0,0.40171435475349426
1,0.9922081828117371
1,0.5038276314735413
0,0.38200461864471436
0,0.35968053340911865
1,0.603725790977478
0,0.6461002826690674
1,0.6371715664863586
1,0.6511605381965637
1,0.6627916693687439
1,0.545408308506012
1,0.647141695022583
0,0.4163418114185333
1,0.568693995475769
0,0.40638941526412964
1,0.5414375066757202
1,0.9942342638969421
0,0.5011265873908997
1,0.9749965667724609
1,0.6423379182815552
0,0.3914163410663605
1,0.9979422688484192
1,0.9728302359580994
1,0.9983838796615601
1,0.6128554940223694
1,0.9942243695259094
1,0.5183219313621521
1,0.6008832454681396
1,0.9983104467391968
1,0.6432863473892212
1,0.5839224457740784
0,0.09538490325212479
1,0.8303196430206299
0,0.21172942221164703
1,0.9840009212493896
0,0.32823964953422546
1,0.9964842796325684
1,0.9984968900680542
1,0.7017243504524231
1,0.811058759689331
1,0.6327599883079529
0,0.11322993785142899
1,0.9972513318061829
0,0.37525996565818787
0,0.41235265135765076
1,0.9956777691841125
1,0.6178661584854126
0,0.39610543847084045
0,0.35867899656295776
1,0.9999997615814209
1,0.9985137581825256
1,0.9959354400634766
0,0.516457736492157
0,0.4665428698062897
1,0.9978440999984741
1,0.9983508586883545
1,0.9986804127693176
0,0.26521193981170654
1,0.9951005578041077
1,0.998063862323761
0,0.36823660135269165
1,0.5330593585968018
0,0.27141162753105164
1,0.9957401752471924
1,0.4663742184638977
1,0.9984145164489746
0,0.4057076573371887
0,0.4153931140899658
0,0.392476886510849
0,0.44847989082336426
0,0.4173066318035126
1,0.5605815052986145
1,0.5560746788978577
1,0.8808340430259705
1,0.5828646421432495
1,0.8700879216194153
1,0.8200817704200745
1,0.5318990349769592
1,0.9987837672233582
1,0.9719959497451782
0,0.3814275860786438
0,0.41960546374320984
1,0.6282594203948975
0,0.410713791847229
1,0.9978418350219727
1,0.7311955690383911
0,0.05751754343509674
0,0.06079571321606636
1,0.6179209351539612
0,0.3522222340106964
0,0.41154709458351135
0,0.3555414378643036
1,0.9984521865844727
1,0.6376146674156189
0,0.35302188992500305
1,0.9973909854888916
1,0.9983142614364624
1,0.4933724105358124
0,0.39128968119621277
0,0.5154078602790833
1,0.9984365105628967
1,0.640422523021698
1,0.9999997615814209
1,0.7454408407211304
0,0.3561130166053772
0,0.31856074929237366
1,0.9973913431167603
1,0.9728303551673889
0,0.47541460394859314
1,0.998022198677063
0,0.3828235864639282
0,0.4097824692726135
1,0.9973258972167969
0,0.40023621916770935
1,0.9982579350471497
1,0.6356400847434998
0,0.34223565459251404
1,0.7153881192207336
0,0.5630943179130554
0,0.5098297595977783
0,0.08483682572841644
0,0.322201132774353
0,0.36266642808914185
0,0.5375916957855225
1,0.9981911778450012
0,0.27829211950302124
0,0.36049291491508484
1,0.6223044395446777
0,0.3751673400402069
0,0.39822113513946533
1,0.9999997615814209
0,0.3236254155635834
1,0.9891281723976135
1,0.9988736510276794
1,0.998539924621582
1,0.6315369009971619
1,0.998838484287262
1,0.9774900078773499
1,0.9999996423721313
1,0.9985276460647583
0,0.22063003480434418
1,0.9754982590675354
1,0.6728770732879639
1,0.4749252200126648
1,0.7133280038833618
1,0.9988142251968384
1,0.5347046256065369
1,0.39166906476020813
0,0.3104929029941559
0,0.3631901144981384
1,0.6511673927307129
1,0.9946033358573914
1,0.9984419941902161
1,0.5877453088760376
1,0.9999995231628418
1,0.998291552066803
0,0.46542108058929443
0,0.35741400718688965
1,0.5381481647491455
1,0.9984503984451294
1,0.987404465675354
0,0.3659459352493286
0,0.4023817181587219
1,0.9451374411582947
1,0.4797531068325043
0,0.35793060064315796
0,0.4109173119068146
1,0.9963235855102539
1,0.797141432762146
0,0.39613983035087585
0,0.09593711793422699
0,0.4225590229034424
0,0.3715316951274872
1,0.9981077909469604
0,0.5113098621368408
1,0.9808226227760315
0,0.2537815272808075
0,0.3346215784549713
0,0.3354494869709015
1,0.46055421233177185
1,0.9986385703086853
0,0.2836019992828369
0,0.42784056067466736
1,0.9999994039535522
1,0.9999997615814209
0,0.3658182621002197
1,0.39895686507225037
0,0.4200153052806854
0,0.41505923867225647
0,0.3874102830886841
0,0.18790322542190552
0,0.5094202756881714
1,0.7801333069801331
0,0.4184702932834625
1,0.6337776780128479
1,0.996820330619812
0,0.3900938630104065
1,0.9959434866905212
1,0.998023271560669
0,0.39131057262420654
0,0.4279555380344391
1,0.9971880316734314
1,0.9663420915603638
1,0.9981064796447754
0,0.2544126808643341
1,0.9661848545074463
0,0.46008673310279846
0,0.3884303569793701
0,0.35675355792045593
0,0.21238914132118225
0,0.3683842718601227
0,0.41868874430656433
1,0.9989086389541626
1,0.7615163326263428
1,0.9972699284553528
1,0.9749965667724609
0,0.4198148250579834
1,0.4644457995891571
1,0.9977501034736633
0,0.60362708568573
1,0.6110453009605408
1,0.664002537727356
1,0.9999957084655762
0,0.4631362557411194
1,0.5932222008705139
0,0.5065925717353821
1,0.9999997615814209
0,0.5413824915885925
1,0.9967855215072632
1,0.9685850143432617
1,0.9979535341262817
1,0.730684220790863
0,0.5176683068275452
0,0.3332211673259735
0,0.41537559032440186
1,0.9980777502059937
1,0.9791272282600403
0,0.38561496138572693
1,0.540034830570221
1,0.8419538736343384
1,0.6101444959640503
1,0.9825538992881775
1,0.9999996423721313
1,0.9951857924461365
1,0.7521666288375854
1,0.9999954700469971
0,0.4365483224391937
1,0.7106544971466064
1,0.9973133206367493
0,0.4126633107662201
1,0.5329785346984863
